AsexualSexual,Run,pEscape,timeEscape,pExtinct,timeExtinct,pRWplant,timeRWplant,pRRplant,timeRRplant
0,1,0.147,4.87074829931973,0.853,Inf,1,4.91156462585034,1,5.82993197278912
0,2,0.105,2.08333333333333,0.895,Inf,1,5.01904761904762,1,5.98095238095238
0,3,0.126,1.55555555555556,0.874,Inf,1,4.68253968253968,1,5.64285714285714
0,4,0.127,1.19405940594059,0.873,Inf,1,4.79527559055118,1,5.7007874015748
0,5,0.122,0.822966507177033,0.878,Inf,1,4.26229508196721,1,5.19672131147541
0,6,0.132,1.05401844532279,0.868,Inf,1,6.07575757575758,1,7.04545454545455
0,7,0.128,0.689966178128523,0.872,Inf,1,4.8125,1,5.75
0,8,0.126,0.556762092793682,0.874,Inf,1,4.53174603174603,1,5.42063492063492
0,9,0.117,0.467256637168142,0.883,Inf,1,4.54700854700855,1,5.47863247863248
0,10,0.117,0.468323977546111,0.883,Inf,1,5.02564102564103,1,5.95726495726496
0,11,0.126,0.410050983248361,0.874,Inf,1,4.53174603174603,1,5.40476190476191
0,12,0.123,0.412433155080214,0.877,Inf,1,5.03252032520325,1,6
0,13,0.135,0.42611894543225,0.865,Inf,1,5.17037037037037,1,6.12592592592593
0,14,0.118,0.348770726129217,0.882,Inf,1,5.23728813559322,1,6.10169491525424
0,15,0.114,0.278046162104133,0.886,Inf,1,4.58771929824561,1,5.5
0,16,0.131,0.33099297893681,0.869,Inf,1,5.0763358778626,1,6
0,17,0.125,0.27796130250118,0.875,Inf,1,4.76,1,5.656
0,18,0.126,0.283741648106904,0.874,Inf,1,5.06349206349206,1,6.03968253968254
0,19,0.121,0.262045646661031,0.879,Inf,1,5.1900826446281,1,6.0495867768595
0,20,0.114,0.194354838709677,0.886,Inf,1,4.26315789473684,1,5.19298245614035
0,21,0.128,0.249616564417178,0.872,Inf,1,5.140625,1,6.03125
0,22,0.121,0.207035544155368,0.879,Inf,1,4.69421487603306,1,5.64462809917355
0,23,0.127,0.236344537815126,0.873,Inf,1,5.33070866141732,1,6.2992125984252
0,24,0.122,0.211215580926797,0.878,Inf,1,5.20491803278689,1,6.10655737704918
0,25,0.128,0.198003863490019,0.872,Inf,1,4.8515625,1,5.7578125
0,26,0.112,0.165941578620261,0.888,Inf,1,4.82142857142857,1,5.71428571428571
0,27,0.104,0.152016857314871,0.896,Inf,1,4.88461538461539,1,5.82692307692308
0,28,0.124,0.186883343006384,0.876,Inf,1,5.2258064516129,1,6.16129032258065
0,29,0.116,0.161706906232454,0.884,Inf,1,4.98275862068965,1,5.94827586206897
0,30,0.124,0.168746608790016,0.876,Inf,1,5.07258064516129,1,5.95967741935484
0,31,0.131,0.171338747707624,0.869,Inf,1,5.05343511450382,1,5.93129770992366
0,32,0.108,0.118216560509554,0.892,Inf,1,4.30555555555556,1,5.28703703703704
0,33,0.102,0.131859945368761,0.898,Inf,1,5.2156862745098,1,6.19607843137255
0,34,0.103,0.106537530266344,0.897,Inf,1,4.31067961165049,1,5.23300970873786
0,35,0.118,0.135122410546139,0.882,Inf,1,4.90677966101695,1,5.82203389830508
0,36,0.117,0.131958762886598,0.883,Inf,1,4.96581196581197,1,5.88034188034188
0,37,0.121,0.133749442710655,0.879,Inf,1,4.98347107438016,1,5.93388429752066
0,38,0.117,0.128177275689768,0.883,Inf,1,5.12820512820513,1,5.95726495726496
0,39,0.127,0.149260042283298,0.873,Inf,1,5.59055118110236,1,6.52755905511811
0,40,0.121,0.136054421768707,0.879,Inf,1,5.47933884297521,1,6.4297520661157
0,41,0.122,0.1116026543334,0.878,Inf,1,4.55737704918033,1,5.54098360655738
0,42,0.121,0.11523360816647,0.879,Inf,1,4.90082644628099,1,5.80165289256198
0,43,0.134,0.131216526396327,0.866,Inf,1,5.16417910447761,1,6.07462686567164
0,44,0.112,0.098314606741573,0.888,Inf,1,4.73214285714286,1,5.64285714285714
0,45,0.13,0.125045703839122,0.87,Inf,1,5.30769230769231,1,6.21538461538462
0,46,0.128,0.114862450875313,0.872,Inf,1,5.0625,1,5.984375
0,47,0.115,0.108874496761771,0.885,Inf,1,5.47826086956522,1,6.33913043478261
0,48,0.123,0.0945853324194654,0.877,Inf,1,4.52845528455285,1,5.44715447154472
0,49,0.133,0.111408946222148,0.867,Inf,1,5.03759398496241,1,5.96240601503759
0,50,0.113,0.0753041762578099,0.887,Inf,1,4.08849557522124,1,5.01769911504425
0,51,0.132,0.109108464757,0.868,Inf,1,5.20454545454545,1,6.06818181818182
0,52,0.111,0.0746245059288538,0.889,Inf,1,4.31531531531532,1,5.18918918918919
0,53,0.125,0.0986046511627907,0.875,Inf,1,5.136,1,6.04
0,54,0.1,0.0726717557251908,0.9,Inf,1,4.83,1,5.69
0,55,0.139,0.111974884138137,0.861,Inf,1,5.41726618705036,1,6.35971223021583
0,56,0.133,0.0963060686015831,0.867,Inf,1,5.02255639097744,1,5.85714285714286
0,57,0.142,0.0972142446869615,0.858,Inf,1,4.84507042253521,1,5.69014084507042
0,58,0.111,0.0838162544169611,0.889,Inf,1,5.37837837837838,1,6.30630630630631
0,59,0.101,0.0720457079152731,0.899,Inf,1,5.16831683168317,1,6.06930693069307
0,60,0.117,0.0769230769230769,0.883,Inf,1,4.83760683760684,1,5.75213675213675
0,61,0.105,0.0709651257096513,0.895,Inf,1,5.04761904761905,1,5.95238095238095
0,62,0.107,0.0662225183211193,0.893,Inf,1,4.70093457943925,1,5.58878504672897
0,63,0.118,0.0741178013905287,0.882,Inf,1,4.80508474576271,1,5.76271186440678
0,64,0.121,0.0736053719008264,0.879,Inf,1,4.7603305785124,1,5.66115702479339
0,65,0.125,0.080442241707968,0.875,Inf,1,5.12,1,6.008
0,66,0.114,0.0724038581986722,0.886,Inf,1,5.13157894736842,1,6.00877192982456
0,67,0.126,0.0836108028116907,0.874,Inf,1,5.44444444444444,1,6.31746031746032
0,68,0.099,0.0512914230019493,0.901,Inf,1,4.28282828282828,1,5.22222222222222
0,69,0.124,0.071051368218915,0.876,Inf,1,4.79032258064516,1,5.75806451612903
0,70,0.12,0.0715806909607194,0.88,Inf,1,5.06666666666667,1,6.01666666666667
0,71,0.118,0.070828471411902,0.882,Inf,1,5.17796610169492,1,6.11016949152542
0,72,0.131,0.0607976094701758,0.869,Inf,1,4.06870229007634,1,5.00763358778626
0,73,0.115,0.0614791288566243,0.885,Inf,1,4.73913043478261,1,5.68695652173913
0,74,0.117,0.0621291839247733,0.883,Inf,1,4.77777777777778,1,5.70940170940171
0,75,0.113,0.0594738005748397,0.887,Inf,1,4.83185840707965,1,5.69026548672566
0,76,0.103,0.067548365941633,0.897,Inf,1,6.00970873786408,1,6.99029126213592
0,77,0.124,0.0703116575002696,0.876,Inf,1,5.2741935483871,1,6.23387096774194
0,78,0.121,0.0571641473280818,0.879,Inf,1,4.45454545454545,1,5.42148760330578
0,79,0.127,0.05881735111858,0.873,Inf,1,4.47244094488189,1,5.34645669291339
0,80,0.121,0.0536195809997926,0.879,Inf,1,4.28925619834711,1,5.25619834710744
0,81,0.114,0.0604756047560476,0.886,Inf,1,5.21929824561404,1,6.13157894736842
0,82,0.108,0.0512976480129765,0.892,Inf,1,4.72222222222222,1,5.63888888888889
0,83,0.114,0.0629384646221688,0.886,Inf,1,5.57017543859649,1,6.44736842105263
0,84,0.144,0.0622406639004149,0.856,Inf,1,4.42361111111111,1,5.32638888888889
0,85,0.118,0.05537109375,0.882,Inf,1,4.83898305084746,1,5.77118644067797
0,86,0.121,0.0604188784866326,0.879,Inf,1,5.21487603305785,1,6.13223140495868
0,87,0.102,0.0418617987192966,0.898,Inf,1,4.34313725490196,1,5.24509803921569
0,88,0.123,0.052049877196297,0.877,Inf,1,4.52845528455285,1,5.43089430894309
0,89,0.134,0.0548507462686567,0.866,Inf,1,4.44029850746269,1,5.33582089552239
0,90,0.115,0.0456852791878173,0.885,Inf,1,4.39130434782609,1,5.21739130434783
0,91,0.119,0.0466496257075041,0.881,Inf,1,4.35294117647059,1,5.23529411764706
0,92,0.116,0.0544715447154472,0.884,Inf,1,5.25862068965517,1,6.13793103448276
0,93,0.124,0.0569054850812935,0.876,Inf,1,5.17741935483871,1,6.09677419354839
0,94,0.126,0.0564487632508834,0.874,Inf,1,5.1031746031746,1,6.03968253968254
0,95,0.144,0.0571353803210049,0.856,Inf,1,4.58333333333333,1,5.51388888888889
0,96,0.131,0.0510564898663217,0.869,Inf,1,4.6030534351145,1,5.43511450381679
0,97,0.119,0.0420010244152296,0.881,Inf,1,4.19327731092437,1,5.07563025210084
0,98,0.126,0.0539695945945946,0.874,Inf,1,5.12698412698413,1,6.00793650793651
0,99,0.118,0.0486703462117411,0.882,Inf,1,4.96610169491525,1,5.89830508474576
0,100,0.107,0.0383754662246167,0.893,Inf,1,4.36448598130841,1,5.2803738317757
0.00207185590932769,1,0.135,0.0700372979693328,0.865,Inf,1,6.2962962962963,1,7.22222222222222
0.00207185590932769,2,0.122,0.0509738914214671,0.878,Inf,1,5.08196721311475,1,6
0.00207185590932769,3,0.144,0.0675507666804807,0.856,Inf,1,5.70138888888889,1,6.61805555555556
0.00207185590932769,4,0.137,0.0665561541649399,0.863,Inf,1,5.87591240875912,1,6.84671532846715
0.00207185590932769,5,0.141,0.0640696228760879,0.859,Inf,1,5.5177304964539,1,6.4468085106383
0.00207185590932769,6,0.126,0.0530460008288438,0.874,Inf,1,5.11904761904762,1,6.03968253968254
0.00207185590932769,7,0.132,0.0486531288852051,0.868,Inf,1,4.49242424242424,1,5.40151515151515
0.00207185590932769,8,0.14,0.0749274761707418,0.86,Inf,1,6.46428571428571,1,7.45
0.00207185590932769,9,0.143,0.0650642353916287,0.857,Inf,1,5.53846153846154,1,6.44055944055944
0.00207185590932769,10,0.139,0.0604227103191049,0.861,Inf,1,5.28776978417266,1,6.20143884892086
0.00207185590932769,11,0.143,0.0640696228760879,0.857,Inf,1,5.43356643356643,1,6.37762237762238
0.00207185590932769,12,0.158,0.077579776212184,0.842,Inf,1,5.93670886075949,1,6.91139240506329
0.00207185590932769,13,0.125,0.0551181102362205,0.875,Inf,1,5.344,1,6.296
0.00207185590932769,14,0.136,0.0589307915457936,0.864,Inf,1,5.26470588235294,1,6.19117647058824
0.00207185590932769,15,0.117,0.0510567757977621,0.883,Inf,1,5.29059829059829,1,6.23931623931624
0.00207185590932769,16,0.118,0.0485702445089101,0.882,Inf,1,4.98305084745763,1,5.94915254237288
0.00207185590932769,17,0.146,0.0652300041442188,0.854,Inf,1,5.45205479452055,1,6.32876712328767
0.00207185590932769,18,0.137,0.0534604227103191,0.863,Inf,1,4.76642335766423,1,5.64963503649635
0.00207185590932769,19,0.138,0.0707832573559884,0.862,Inf,1,6.23913043478261,1,7.1304347826087
0.00207185590932769,20,0.132,0.0621632822213013,0.868,Inf,1,5.70454545454545,1,6.65909090909091
0.00207185590932769,21,0.13,0.0609200165768753,0.87,Inf,1,5.7,1,6.6
0.00207185590932769,22,0.128,0.0614173228346457,0.872,Inf,1,5.8125,1,6.765625
0.00207185590932769,23,0.139,0.0634894322420224,0.861,Inf,1,5.53956834532374,1,6.47482014388489
0.00207185590932769,24,0.136,0.0627434728553668,0.864,Inf,1,5.63970588235294,1,6.49264705882353
0.00207185590932769,25,0.143,0.0688769167012018,0.857,Inf,1,5.87412587412587,1,6.74825174825175
0.00207185590932769,26,0.127,0.0572731040198923,0.873,Inf,1,5.4488188976378,1,6.43307086614173
0.00207185590932769,27,0.131,0.0581019477828429,0.869,Inf,1,5.38931297709924,1,6.31297709923664
0.00207185590932769,28,0.138,0.0586821384169084,0.862,Inf,1,5.14492753623188,1,6.11594202898551
0.00207185590932769,29,0.122,0.0688769167012018,0.878,Inf,1,6.85245901639344,1,7.77049180327869
0.00207185590932769,30,0.132,0.0601740571902196,0.868,Inf,1,5.54545454545455,1,6.45454545454545
0.00207185590932769,31,0.133,0.0629092416079569,0.867,Inf,1,5.7218045112782,1,6.69172932330827
0.00207185590932769,32,0.134,0.0686282635723166,0.866,Inf,1,6.22388059701493,1,7.13432835820895
0.00207185590932769,33,0.118,0.0509738914214671,0.882,Inf,1,5.22033898305085,1,6.20338983050847
0.00207185590932769,34,0.131,0.059345213427269,0.869,Inf,1,5.47328244274809,1,6.45801526717557
0.00207185590932769,35,0.133,0.0647326978864484,0.867,Inf,1,5.90225563909774,1,6.84210526315789
0.00207185590932769,36,0.141,0.0620803978450062,0.859,Inf,1,5.34751773049645,1,6.27659574468085
0.00207185590932769,37,0.11,0.0469954413593038,0.89,Inf,1,5.20909090909091,1,6.1
0.00207185590932769,38,0.134,0.0670534604227103,0.866,Inf,1,6.08208955223881,1,6.99253731343284
0.00207185590932769,39,0.142,0.0498135101533361,0.858,Inf,1,4.26760563380282,1,5.19718309859155
0.00207185590932769,40,0.155,0.0725238292581848,0.845,Inf,1,5.67741935483871,1,6.61290322580645
0.00207185590932769,41,0.112,0.0490675507666805,0.888,Inf,1,5.33035714285714,1,6.24107142857143
0.00207185590932769,42,0.136,0.069125569830087,0.864,Inf,1,6.16176470588235,1,7.10294117647059
0.00207185590932769,43,0.132,0.0671363447990054,0.868,Inf,1,6.15909090909091,1,7.11363636363636
0.00207185590932769,44,0.115,0.0439287194363862,0.885,Inf,1,4.69565217391304,1,5.52173913043478
0.00207185590932769,45,0.125,0.0562784915043514,0.875,Inf,1,5.472,1,6.392
0.00207185590932769,46,0.139,0.0658930791545794,0.861,Inf,1,5.75539568345324,1,6.68345323741007
0.00207185590932769,47,0.161,0.0707003729796933,0.839,Inf,1,5.30434782608696,1,6.29192546583851
0.00207185590932769,48,0.125,0.0583506009117281,0.875,Inf,1,5.672,1,6.592
0.00207185590932769,49,0.13,0.0673849979278906,0.87,Inf,1,6.29230769230769,1,7.21538461538462
0.00207185590932769,50,0.142,0.0639038541234977,0.858,Inf,1,5.48591549295775,1,6.37323943661972
0.00207185590932769,51,0.136,0.0567757977621218,0.864,Inf,1,5.09558823529412,1,5.97794117647059
0.00207185590932769,52,0.135,0.0641525072523829,0.865,Inf,1,5.76296296296296,1,6.7037037037037
0.00207185590932769,53,0.132,0.0639867384997928,0.868,Inf,1,5.87878787878788,1,6.81818181818182
0.00207185590932769,54,0.129,0.0634065478657273,0.871,Inf,1,5.96124031007752,1,6.89922480620155
0.00207185590932769,55,0.137,0.0581019477828429,0.863,Inf,1,5.15328467153285,1,6.08029197080292
0.00207185590932769,56,0.12,0.052134272689598,0.88,Inf,1,5.28333333333333,1,6.2
0.00207185590932769,57,0.165,0.0736842105263158,0.835,Inf,1,5.41818181818182,1,6.35757575757576
0.00207185590932769,58,0.127,0.0530460008288438,0.873,Inf,1,5.06299212598425,1,6.01574803149606
0.00207185590932769,59,0.141,0.0611686697057605,0.859,Inf,1,5.27659574468085,1,6.19148936170213
0.00207185590932769,60,0.157,0.0724409448818898,0.843,Inf,1,5.5796178343949,1,6.55414012738853
0.00207185590932769,61,0.119,0.0626605884790717,0.881,Inf,1,6.38655462184874,1,7.31932773109244
0.00207185590932769,62,0.13,0.0574388727724824,0.87,Inf,1,5.35384615384615,1,6.3
0.00207185590932769,63,0.137,0.0604227103191049,0.863,Inf,1,5.40875912408759,1,6.23357664233577
0.00207185590932769,64,0.141,0.0636552009946125,0.859,Inf,1,5.49645390070922,1,6.39716312056738
0.00207185590932769,65,0.137,0.0639038541234977,0.863,Inf,1,5.67153284671533,1,6.58394160583942
0.00207185590932769,66,0.139,0.0568586821384169,0.861,Inf,1,4.97841726618705,1,5.89208633093525
0.00207185590932769,67,0.138,0.077579776212184,0.862,Inf,1,6.81884057971014,1,7.7463768115942
0.00207185590932769,68,0.138,0.0579361790302528,0.862,Inf,1,5.09420289855072,1,6.03623188405797
0.00207185590932769,69,0.152,0.0741815167840862,0.848,Inf,1,5.90789473684211,1,6.86842105263158
0.00207185590932769,70,0.132,0.059428097803564,0.868,Inf,1,5.46969696969697,1,6.39393939393939
0.00207185590932769,71,0.122,0.049730625777041,0.878,Inf,1,4.98360655737705,1,5.85245901639344
0.00207185590932769,72,0.133,0.0638209697472027,0.867,Inf,1,5.79699248120301,1,6.78195488721805
0.00207185590932769,73,0.143,0.0702030667219229,0.857,Inf,1,5.97202797202797,1,6.87412587412587
0.00207185590932769,74,0.15,0.0596767509324492,0.85,Inf,1,4.83333333333333,1,5.76666666666667
0.00207185590932769,75,0.115,0.0511396601740572,0.885,Inf,1,5.4,1,6.3304347826087
0.00207185590932769,76,0.128,0.0592623290509739,0.872,Inf,1,5.625,1,6.5390625
0.00207185590932769,77,0.136,0.0611686697057605,0.864,Inf,1,5.46323529411765,1,6.38970588235294
0.00207185590932769,78,0.129,0.0520513883133029,0.871,Inf,1,4.89922480620155,1,5.83720930232558
0.00207185590932769,79,0.124,0.0577704102776627,0.876,Inf,1,5.67741935483871,1,6.56451612903226
0.00207185590932769,80,0.137,0.0616659759635309,0.863,Inf,1,5.45985401459854,1,6.4014598540146
0.00207185590932769,81,0.144,0.063075010360547,0.856,Inf,1,5.30555555555556,1,6.26388888888889
0.00207185590932769,82,0.127,0.0646498135101533,0.873,Inf,1,6.16535433070866,1,7.11811023622047
0.00207185590932769,83,0.132,0.065395772896809,0.868,Inf,1,6.00757575757576,1,6.9469696969697
0.00207185590932769,84,0.148,0.0682138416908413,0.852,Inf,1,5.60135135135135,1,6.52027027027027
0.00207185590932769,85,0.156,0.0648984666390385,0.844,Inf,1,5.06410256410256,1,5.97435897435897
0.00207185590932769,86,0.125,0.0582677165354331,0.875,Inf,1,5.648,1,6.6
0.00207185590932769,87,0.14,0.0701201823456278,0.86,Inf,1,6.07857142857143,1,7.00714285714286
0.00207185590932769,88,0.133,0.0653128885205139,0.867,Inf,1,5.93984962406015,1,6.90977443609023
0.00207185590932769,89,0.123,0.0527144633236635,0.877,Inf,1,5.21138211382114,1,6.13008130081301
0.00207185590932769,90,0.136,0.0489017820140903,0.864,Inf,1,4.40441176470588,1,5.26470588235294
0.00207185590932769,91,0.138,0.0659759635308744,0.862,Inf,1,5.79710144927536,1,6.73188405797101
0.00207185590932769,92,0.168,0.0747617074181517,0.832,Inf,1,5.39880952380952,1,6.33928571428571
0.00207185590932769,93,0.126,0.0503108164111065,0.874,Inf,1,4.86507936507936,1,5.76984126984127
0.00207185590932769,94,0.141,0.0635723166183174,0.859,Inf,1,5.48936170212766,1,6.39007092198582
0.00207185590932769,95,0.149,0.067882304185661,0.851,Inf,1,5.53020134228188,1,6.46308724832215
0.00207185590932769,96,0.147,0.0677994198093659,0.853,Inf,1,5.60544217687075,1,6.52380952380952
0.00207185590932769,97,0.114,0.0527973476999586,0.886,Inf,1,5.6140350877193,1,6.55263157894737
0.00207185590932769,98,0.132,0.0664732697886448,0.868,Inf,1,6.09848484848485,1,7.0530303030303
0.00207185590932769,99,0.141,0.0562784915043514,0.859,Inf,1,4.84397163120567,1,5.78723404255319
0.00207185590932769,100,0.113,0.0452548694571073,0.887,Inf,1,4.84955752212389,1,5.8141592920354
0.00418352527745737,1,0.161,0.0818897637795276,0.839,64.2646007151371,1,6.16770186335404,1,7.1055900621118
0.00418352527745737,2,0.164,0.0899295482801492,0.836,32.0131343283582,1,6.64024390243902,1,7.59146341463415
0.00418352527745737,3,0.158,0.09092416079569,0.842,21.5506555423123,1,7.03164556962025,1,7.85443037974684
0.00418352527745737,4,0.147,0.0869457107335267,0.853,16.2454005934718,1,7.16326530612245,1,8.10884353741497
0.00418352527745737,5,0.149,0.0841276419394944,0.851,12.9412461502014,1,6.83221476510067,1,7.79194630872483
0.00418352527745737,6,0.148,0.0748445917944467,0.852,10.752808988764,1,6.14864864864865,1,7.05405405405405
0.00418352527745737,7,0.153,0.0852880232076254,0.847,9.1820945945946,1,6.76470588235294,1,7.68627450980392
0.00418352527745737,8,0.145,0.0825528387898881,0.855,8.15232472324723,1,6.89655172413793,1,7.84137931034483
0.00418352527745737,9,0.153,0.0852051388313303,0.847,7.13172395696668,1,6.77777777777778,1,7.66013071895425
0.00418352527745737,10,0.169,0.0769167012018235,0.831,6.30734650419969,1,5.51479289940828,1,6.46153846153846
0.00418352527745737,11,0.149,0.0791545793617903,0.851,5.8579105760963,1,6.45637583892617,1,7.36241610738255
0.00418352527745737,12,0.149,0.0688769167012018,0.851,5.39064500246184,1,5.6241610738255,1,6.53020134228188
0.00418352527745737,13,0.162,0.082469954413593,0.838,4.92904575639043,1,6.17901234567901,1,7.10493827160494
0.00418352527745737,14,0.123,0.0673021135515955,0.877,4.73689974726201,1,6.6260162601626,1,7.57723577235772
0.00418352527745737,15,0.153,0.086033982594281,0.847,4.25517024455453,1,6.80392156862745,1,7.76470588235294
0.00418352527745737,16,0.154,0.07882304185661,0.846,4.01017474010175,1,6.22727272727273,1,7.12337662337662
0.00418352527745737,17,0.174,0.0941566514711977,0.826,3.64945444436722,1,6.57471264367816,1,7.48275862068965
0.00418352527745737,18,0.17,0.09092416079569,0.83,3.52204481240555,1,6.48823529411765,1,7.41764705882353
0.00418352527745737,19,0.163,0.0857024450891007,0.837,3.32654459392128,1,6.38036809815951,1,7.30674846625767
0.00418352527745737,20,0.168,0.100704517198508,0.832,3.16147560397916,1,7.26190476190476,1,8.20238095238095
0.00418352527745737,21,0.152,0.0798176543721509,0.848,3.08141632837167,1,6.36842105263158,1,7.30263157894737
0.00418352527745737,22,0.178,0.0978864484044758,0.822,2.8490677874771,1,6.65730337078652,1,7.6123595505618
0.00418352527745737,23,0.174,0.0861168669705761,0.826,2.7248761865456,1,6.02873563218391,1,6.91379310344828
0.00418352527745737,24,0.147,0.0740986324077911,0.853,2.69797894944903,1,6.12244897959184,1,7.04081632653061
0.00418352527745737,25,0.16,0.0859510982179859,0.84,2.57394316079138,1,6.5,1,7.4625
0.00418352527745737,26,0.171,0.0935764608371322,0.829,2.41153108737332,1,6.63157894736842,1,7.57309941520468
0.00418352527745737,27,0.168,0.0773311230832988,0.832,2.36313659952502,1,5.57738095238095,1,6.52976190476191
0.00418352527745737,28,0.145,0.0825528387898881,0.855,2.31895053617598,1,6.91034482758621,1,7.82758620689655
0.00418352527745737,29,0.179,0.0886862826357232,0.821,2.16658474645695,1,6.01675977653631,1,6.93854748603352
0.00418352527745737,30,0.146,0.0829672606713635,0.854,2.17939686560076,1,6.88356164383562,1,7.82876712328767
0.00418352527745737,31,0.154,0.075093244923332,0.846,2.08642873554415,1,5.91558441558442,1,6.85064935064935
0.00418352527745737,32,0.15,0.0745130542892665,0.85,2.01750482124314,1,6.02,1,6.96666666666667
0.00418352527745737,33,0.143,0.0778284293410692,0.857,1.98580209194493,1,6.58741258741259,1,7.54545454545455
0.00418352527745737,34,0.162,0.07882304185661,0.838,1.87295439478,1,5.90123456790123,1,6.83950617283951
0.00418352527745737,35,0.157,0.0876087857438873,0.843,1.81787675411836,1,6.7515923566879,1,7.71337579617834
0.00418352527745737,36,0.155,0.0777455449647741,0.845,1.7945101657495,1,6.07741935483871,1,7.0258064516129
0.00418352527745737,37,0.149,0.0743472855366763,0.851,1.75408680043593,1,6.05369127516779,1,6.98657718120805
0.00418352527745737,38,0.161,0.0813095731454621,0.839,1.67175453382027,1,6.14285714285714,1,7.04347826086957
0.00418352527745737,39,0.164,0.0828843762950684,0.836,1.63638852553768,1,6.10975609756098,1,7.08536585365854
0.00418352527745737,40,0.151,0.0907583920430999,0.849,1.60903860980962,1,7.27814569536424,1,8.22516556291391
0.00418352527745737,41,0.175,0.089680895151264,0.825,1.54120473557762,1,6.2,1,7.16571428571429
0.00418352527745737,42,0.171,0.0859510982179859,0.829,1.50831071913161,1,6.09356725146199,1,7.02923976608187
0.00418352527745737,43,0.152,0.0731040198922503,0.848,1.50670825971731,1,5.83552631578947,1,6.76315789473684
0.00418352527745737,44,0.16,0.0818068794032325,0.84,1.46179581264839,1,6.1875,1,7.15
0.00418352527745737,45,0.163,0.0832159138002486,0.837,1.42004168755442,1,6.21472392638037,1,7.09815950920245
0.00418352527745737,46,0.14,0.0699544135930377,0.86,1.4269497690978,1,6.06428571428571,1,6.99285714285714
0.00418352527745737,47,0.175,0.0956485702445089,0.825,1.33044510685596,1,6.63428571428571,1,7.55428571428571
0.00418352527745737,48,0.164,0.0863655200994612,0.836,1.33501558557221,1,6.3719512195122,1,7.33536585365854
0.00418352527745737,49,0.132,0.0721094073767095,0.868,1.34834100266408,1,6.60606060606061,1,7.57575757575758
0.00418352527745737,50,0.15,0.0803978450062163,0.85,1.29245372567632,1,6.47333333333333,1,7.46
0.00418352527745737,51,0.157,0.0772482387070037,0.843,1.25412372333248,1,5.96815286624204,1,6.90445859872611
0.00418352527745737,52,0.178,0.103108164111065,0.822,1.21237301677891,1,7.02247191011236,1,7.95505617977528
0.00418352527745737,53,0.156,0.0856195607128056,0.844,1.21286031042129,1,6.66025641025641,1,7.58333333333333
0.00418352527745737,54,0.155,0.0859510982179859,0.845,1.18670593924474,1,6.70322580645161,1,7.67741935483871
0.00418352527745737,55,0.156,0.0773311230832988,0.844,1.17527731019897,1,6.00641025641026,1,6.95512820512821
0.00418352527745737,56,0.142,0.0857024450891007,0.858,1.1699508432918,1,7.30985915492958,1,8.25352112676056
0.00418352527745737,57,0.161,0.0749274761707418,0.839,1.11932965545956,1,5.6583850931677,1,6.57142857142857
0.00418352527745737,58,0.138,0.0734355573974306,0.862,1.13256437000225,1,6.45652173913043,1,7.38405797101449
0.00418352527745737,59,0.157,0.0850393700787402,0.843,1.08673100120627,1,6.57324840764331,1,7.4968152866242
0.00418352527745737,60,0.144,0.0794032324906755,0.856,1.08443355205945,1,6.66666666666667,1,7.63888888888889
0.00418352527745737,61,0.144,0.077579776212184,0.856,1.0738552437223,1,6.54861111111111,1,7.45138888888889
0.00418352527745737,62,0.181,0.0975549108992955,0.819,0.999119970920778,1,6.53591160220994,1,7.46961325966851
0.00418352527745737,63,0.141,0.0750103605470369,0.859,1.03879164313947,1,6.43262411347518,1,7.40425531914894
0.00418352527745737,64,0.166,0.0895151263986738,0.834,0.987621377214439,1,6.53012048192771,1,7.48192771084337
0.00418352527745737,65,0.16,0.0806464981351015,0.84,0.982774979928472,1,6.11875,1,7.04375
0.00418352527745737,66,0.164,0.0939079983423125,0.836,0.957710280373832,1,6.94512195121951,1,7.8719512195122
0.00418352527745737,67,0.167,0.0814753418980522,0.833,0.956386237671099,1,5.90419161676647,1,6.86826347305389
0.00418352527745737,68,0.149,0.0792374637380854,0.851,0.951695624869165,1,6.4496644295302,1,7.38255033557047
0.00418352527745737,69,0.16,0.0799005387484459,0.84,0.922340279210508,1,6.05625,1,6.99375
0.00418352527745737,70,0.157,0.0780770824699544,0.843,0.913383157930415,1,6.02547770700637,1,6.97452229299363
0.00418352527745737,71,0.158,0.0853709075839204,0.842,0.897191264682785,1,6.55063291139241,1,7.4873417721519
0.00418352527745737,72,0.154,0.0736013261500207,0.846,0.892511739022984,1,5.80519480519481,1,6.72727272727273
0.00418352527745737,73,0.155,0.0721922917530046,0.845,0.885651608709782,1,5.67096774193548,1,6.56774193548387
0.00418352527745737,74,0.144,0.078740157480315,0.856,0.882203987435092,1,6.61805555555556,1,7.57638888888889
0.00418352527745737,75,0.126,0.0621632822213013,0.874,0.886960644855382,1,5.96031746031746,1,6.94444444444444
0.00418352527745737,76,0.155,0.0757563199336925,0.845,0.843702721671996,1,5.90322580645161,1,6.89032258064516
0.00418352527745737,77,0.176,0.103688354745131,0.824,0.815688569272702,1,7.13636363636364,1,8.07954545454546
0.00418352527745737,78,0.164,0.0817239950269374,0.836,0.822166476624857,1,6.03048780487805,1,6.99390243902439
0.00418352527745737,79,0.168,0.0831330294239536,0.832,0.800876784722326,1,5.98214285714286,1,6.95833333333333
0.00418352527745737,80,0.157,0.0889349357646084,0.843,0.802965159377316,1,6.84713375796178,1,7.82165605095541
0.00418352527745737,81,0.136,0.0720265230004144,0.864,0.81169306437919,1,6.43382352941176,1,7.34558823529412
0.00418352527745737,82,0.157,0.0748445917944467,0.843,0.786023106843848,1,5.77707006369427,1,6.72611464968153
0.00418352527745737,83,0.159,0.0792374637380854,0.841,0.773579245121289,1,6.0314465408805,1,6.9937106918239
0.00418352527745737,84,0.166,0.0882718607542478,0.834,0.759402529929975,1,6.46385542168675,1,7.36746987951807
0.00418352527745737,85,0.164,0.0926647326978864,0.836,0.745548920020093,1,6.84756097560976,1,7.78658536585366
0.00418352527745737,86,0.167,0.094488188976378,0.833,0.731631287844306,1,6.84431137724551,1,7.80838323353293
0.00418352527745737,87,0.154,0.0778284293410692,0.846,0.742525256656714,1,6.16233766233766,1,7.03246753246753
0.00418352527745737,88,0.142,0.0693742229589722,0.858,0.746634323832626,1,5.90845070422535,1,6.88028169014085
0.00418352527745737,89,0.154,0.07882304185661,0.846,0.724813793287231,1,6.20779220779221,1,7.14285714285714
0.00418352527745737,90,0.133,0.0746788230418566,0.867,0.731486603967439,1,6.79699248120301,1,7.74436090225564
0.00418352527745737,91,0.163,0.0841276419394944,0.837,0.699602631750375,1,6.26380368098159,1,7.19018404907975
0.00418352527745737,92,0.168,0.088437629506838,0.832,0.690888937579749,1,6.38690476190476,1,7.32142857142857
0.00418352527745737,93,0.139,0.0663903854123498,0.861,0.714154599224964,1,5.79856115107914,1,6.72661870503597
0.00418352527745737,94,0.154,0.0858682138416908,0.846,0.676886019118723,1,6.77272727272727,1,7.68181818181818
0.00418352527745737,95,0.148,0.0718607542478243,0.852,0.678025104184863,1,5.88513513513514,1,6.83108108108108
0.00418352527745737,96,0.165,0.0866970576046415,0.835,0.658611279188946,1,6.36969696969697,1,7.30909090909091
0.00418352527745737,97,0.171,0.0852051388313303,0.829,0.652524141303019,1,6.02923976608187,1,6.99415204678363
0.00418352527745737,98,0.149,0.0784915043514298,0.851,0.661763104728953,1,6.3758389261745,1,7.33557046979866
0.00418352527745737,99,0.156,0.0759220886862826,0.844,0.650272438776121,1,5.8974358974359,1,6.84615384615385
0.00418352527745737,100,0.134,0.0652300041442188,0.866,0.656161477284849,1,5.88805970149254,1,6.85820895522388
0.00633616684032458,1,0.192,0.12084542063821,0.808,0.731495419042088,1,7.625,1,8.5625
0.00633616684032458,2,0.176,0.117530045586407,0.824,0.74192554313686,1,8.10795454545454,1,9
0.00633616684032458,3,0.182,0.108827186075425,0.818,0.731305780422183,1,7.23076923076923,1,8.1978021978022
0.00633616684032458,4,0.187,0.11512639867385,0.813,0.741522561069562,1,7.45454545454545,1,8.40106951871658
0.00633616684032458,5,0.159,0.0915043514297555,0.841,0.755982505837314,1,6.9748427672956,1,7.91194968553459
0.00633616684032458,6,0.206,0.129631164525487,0.794,0.720923065982387,1,7.62135922330097,1,8.56310679611651
0.00633616684032458,7,0.165,0.115375051802735,0.835,0.753386827227365,1,8.46060606060606,1,9.41212121212121
0.00633616684032458,8,0.176,0.101367592208869,0.824,0.745398300363869,1,6.96590909090909,1,7.92613636363636
0.00633616684032458,9,0.201,0.114380439287194,0.799,0.718505173578599,1,6.89054726368159,1,7.8407960199005
0.00633616684032458,10,0.184,0.105014504765852,0.816,0.731139846629766,1,6.89673913043478,1,7.875
0.00633616684032458,11,0.176,0.111728139245752,0.824,0.742932998305105,1,7.69318181818182,1,8.625
0.00633616684032458,12,0.17,0.109490261085785,0.83,0.747365801045383,1,7.78823529411765,1,8.75294117647059
0.00633616684032458,13,0.19,0.114877745544965,0.81,0.728283414917448,1,7.31052631578947,1,8.27894736842105
0.00633616684032458,14,0.182,0.104848736013262,0.818,0.73071315973498,1,6.97252747252747,1,7.92857142857143
0.00633616684032458,15,0.197,0.142975549108993,0.803,0.723506892178592,1,8.77664974619289,1,9.73604060913706
0.00633616684032458,16,0.181,0.120182345627849,0.819,0.735003733510329,1,8.06629834254144,1,8.95580110497237
0.00633616684032458,17,0.184,0.125652714463324,0.816,0.733830344549668,1,8.26630434782609,1,9.21195652173913
0.00633616684032458,18,0.181,0.129133858267717,0.819,0.739507650733072,1,8.62430939226519,1,9.59116022099447
0.00633616684032458,19,0.168,0.116618317447161,0.832,0.75445354446433,1,8.41666666666667,1,9.33333333333333
0.00633616684032458,20,0.197,0.122088686282636,0.803,0.721942373564376,1,7.50761421319797,1,8.44670050761421
0.00633616684032458,21,0.182,0.120348114380439,0.818,0.740088419006531,1,7.99450549450549,1,8.96153846153846
0.00633616684032458,22,0.188,0.119021964359718,0.812,0.724194332175748,1,7.65957446808511,1,8.61702127659574
0.00633616684032458,23,0.197,0.136013261500207,0.803,0.725059558379064,1,8.34517766497462,1,9.31472081218274
0.00633616684032458,24,0.192,0.118276004973063,0.808,0.72989534318664,1,7.46354166666667,1,8.40104166666667
0.00633616684032458,25,0.186,0.116701201823456,0.814,0.730440554218867,1,7.59677419354839,1,8.54301075268817
0.00633616684032458,26,0.182,0.119021964359718,0.818,0.730523521115075,1,7.90659340659341,1,8.87362637362637
0.00633616684032458,27,0.199,0.121259842519685,0.801,0.717639947375283,1,7.37688442211055,1,8.32663316582915
0.00633616684032458,28,0.159,0.0983008702859511,0.841,0.755626933424992,1,7.47798742138365,1,8.44025157232704
0.00633616684032458,29,0.18,0.106009117281392,0.82,0.735157814889002,1,7.11666666666667,1,8.09444444444444
0.00633616684032458,30,0.197,0.148363033568172,0.803,0.719157056334523,1,9.10152284263959,1,10.0659898477157
0.00633616684032458,31,0.174,0.100372979693328,0.826,0.740609925211269,1,7,1,7.91954022988506
0.00633616684032458,32,0.164,0.102527973477,0.836,0.752651977575233,1,7.55487804878049,1,8.53048780487805
0.00633616684032458,33,0.178,0.111396601740572,0.822,0.744675303125481,1,7.56741573033708,1,8.53370786516854
0.00633616684032458,34,0.194,0.136344799005387,0.806,0.729255312844461,1,8.49484536082474,1,9.4639175257732
0.00633616684032458,35,0.178,0.107998342312474,0.822,0.73637861350464,1,7.34269662921348,1,8.29775280898876
0.00633616684032458,36,0.181,0.106672192291753,0.819,0.743679700370981,1,7.13812154696133,1,8.0828729281768
0.00633616684032458,37,0.18,0.119933692498964,0.82,0.736283794194688,1,8.06111111111111,1,9.01666666666667
0.00633616684032458,38,0.183,0.123249067550767,0.817,0.729776819049199,1,8.14754098360656,1,9.10382513661202
0.00633616684032458,39,0.196,0.123331951927062,0.804,0.718576288061064,1,7.62755102040816,1,8.55612244897959
0.00633616684032458,40,0.173,0.112391214256113,0.827,0.745872396913631,1,7.8728323699422,1,8.80346820809249
0.00633616684032458,41,0.193,0.119021964359718,0.807,0.718967417714618,1,7.48186528497409,1,8.39896373056995
0.00633616684032458,42,0.208,0.109158723580605,0.792,0.712353770845433,1,6.38461538461539,1,7.27884615384615
0.00633616684032458,43,0.185,0.114546208039785,0.815,0.732645103175262,1,7.50810810810811,1,8.43243243243243
0.00633616684032458,44,0.191,0.111811023622047,0.809,0.728176743193751,1,7.08900523560209,1,8.03664921465969
0.00633616684032458,45,0.178,0.120099461251554,0.822,0.742672245202736,1,8.14606741573034,1,9.13483146067416
0.00633616684032458,46,0.196,0.119436386241194,0.804,0.72221497908049,1,7.37244897959184,1,8.33163265306122
0.00633616684032458,47,0.175,0.104019892250311,0.825,0.745706463121215,1,7.2,1,8.14285714285714
0.00633616684032458,48,0.21,0.139079983423125,0.79,0.707565395692833,1,8.01904761904762,1,8.96190476190476
0.00633616684032458,49,0.177,0.105180273518442,0.823,0.741475151414586,1,7.1864406779661,1,8.15254237288136
0.00633616684032458,50,0.191,0.122337339411521,0.809,0.731685057661993,1,7.77486910994764,1,8.68062827225131
0.00633616684032458,51,0.183,0.124823870700373,0.817,0.724253594244468,1,8.23497267759563,1,9.22404371584699
0.00633616684032458,52,0.193,0.119021964359718,0.807,0.720567493570066,1,7.48186528497409,1,8.39896373056995
0.00633616684032458,53,0.169,0.102030667219229,0.831,0.747839897595145,1,7.32544378698225,1,8.24260355029586
0.00633616684032458,54,0.187,0.120016576875259,0.813,0.726149980443517,1,7.75935828877005,1,8.72727272727273
0.00633616684032458,55,0.194,0.110899295482801,0.806,0.720923065982387,1,6.94845360824742,1,7.84020618556701
0.00633616684032458,56,0.175,0.107086614173228,0.825,0.743537471406052,1,7.41714285714286,1,8.34857142857143
0.00633616684032458,57,0.164,0.107169498549523,0.836,0.753315712744901,1,7.90243902439024,1,8.86585365853658
0.00633616684032458,58,0.187,0.122751761292996,0.813,0.732099892143035,1,7.93582887700535,1,8.90374331550802
0.00633616684032458,59,0.191,0.121591380024865,0.809,0.733368100413649,1,7.70680628272251,1,8.6544502617801
0.00633616684032458,60,0.197,0.140654786572731,0.803,0.718137748752533,1,8.62944162436548,1,9.5989847715736
0.00633616684032458,61,0.194,0.136510567757978,0.806,0.720188216330256,1,8.51546391752577,1,9.4639175257732
0.00633616684032458,62,0.196,0.124823870700373,0.804,0.721029737706084,1,7.70918367346939,1,8.65816326530612
0.00633616684032458,63,0.211,0.128553667633651,0.789,0.70697277500563,1,7.37914691943128,1,8.32227488151659
0.00633616684032458,64,0.189,0.116038126813096,0.811,0.726920387336881,1,7.45502645502645,1,8.35978835978836
0.00633616684032458,65,0.187,0.124740986324078,0.813,0.73234879283166,1,8.05882352941176,1,9.03743315508021
0.00633616684032458,66,0.179,0.117115623704932,0.821,0.741783314171931,1,7.91620111731844,1,8.8659217877095
0.00633616684032458,67,0.184,0.114297554910899,0.816,0.735335601095163,1,7.51086956521739,1,8.47826086956522
0.00633616684032458,68,0.207,0.127641939494405,0.793,0.711085562574818,1,7.46376811594203,1,8.41545893719807
0.00633616684032458,69,0.187,0.120348114380439,0.813,0.731578385938296,1,7.80748663101604,1,8.72192513368984
0.00633616684032458,70,0.211,0.129548280149192,0.789,0.707458723969136,1,7.42654028436019,1,8.38862559241706
0.00633616684032458,71,0.173,0.109656029838375,0.827,0.747294686562919,1,7.6878612716763,1,8.60693641618497
0.00633616684032458,72,0.178,0.130708661417323,0.822,0.738796505908428,1,8.89325842696629,1,9.82584269662921
0.00633616684032458,73,0.197,0.113468711147949,0.803,0.716905097723151,1,6.96954314720812,1,7.9238578680203
0.00633616684032458,74,0.204,0.112308329879818,0.796,0.723743940453473,1,6.67647058823529,1,7.6078431372549
0.00633616684032458,75,0.169,0.114877745544965,0.831,0.749001434142063,1,8.23076923076923,1,9.17159763313609
0.00633616684032458,76,0.178,0.124492333195193,0.822,0.737421625914117,1,8.44943820224719,1,9.42696629213483
0.00633616684032458,77,0.166,0.115872358060506,0.834,0.747389505872871,1,8.43975903614458,1,9.40361445783133
0.00633616684032458,78,0.187,0.121259842519685,0.813,0.734031835583317,1,7.83422459893048,1,8.81283422459893
0.00633616684032458,79,0.193,0.129962702030667,0.807,0.725189934930249,1,8.13471502590674,1,9.1139896373057
0.00633616684032458,80,0.174,0.103439701616245,0.826,0.745670905879982,1,7.17816091954023,1,8.16666666666667
0.00633616684032458,81,0.165,0.104765851636966,0.835,0.75156155551078,1,7.68484848484848,1,8.63636363636364
0.00633616684032458,82,0.196,0.127310401989225,0.804,0.721634210807031,1,7.85714285714286,1,8.81632653061224
0.00633616684032458,83,0.176,0.104765851636966,0.824,0.739720994180465,1,7.19318181818182,1,8.17045454545454
0.00633616684032458,84,0.216,0.128387898881061,0.784,0.710338860508943,1,7.19907407407407,1,8.14351851851852
0.00633616684032458,85,0.194,0.116701201823456,0.806,0.720745279776226,1,7.27835051546392,1,8.23711340206185
0.00633616684032458,86,0.185,0.107418151678409,0.815,0.733498476964834,1,7.02162162162162,1,7.98918918918919
0.00633616684032458,87,0.186,0.112142561127228,0.814,0.734920766614121,1,7.29032258064516,1,8.25806451612903
0.00633616684032458,88,0.189,0.10269374222959,0.811,0.733285133517441,1,6.59259259259259,1,7.51851851851852
0.00633616684032458,89,0.203,0.139245752175715,0.797,0.719192613575755,1,8.28571428571429,1,9.26108374384236
0.00633616684032458,90,0.191,0.126564442602569,0.809,0.726197390098494,1,8.00523560209424,1,8.98429319371728
0.00633616684032458,91,0.188,0.117695814338997,0.812,0.727204845266739,1,7.56382978723404,1,8.54255319148936
0.00633616684032458,92,0.2,0.101947782842934,0.8,0.726896682509393,1,6.16,1,7.14
0.00633616684032458,93,0.177,0.118193120596768,0.823,0.745291628640173,1,8.08474576271187,1,9.02824858757062
0.00633616684032458,94,0.178,0.111645254869457,0.822,0.742233705894205,1,7.57303370786517,1,8.56179775280899
0.00633616684032458,95,0.212,0.143307086614173,0.788,0.7130175060151,1,8.17452830188679,1,9.13679245283019
0.00633616684032458,96,0.194,0.106092001657688,0.806,0.722807599767693,1,6.61855670103093,1,7.57731958762887
0.00633616684032458,97,0.19,0.114048901782014,0.81,0.728176743193751,1,7.27894736842105,1,8.20526315789474
0.00633616684032458,98,0.202,0.145462080397845,0.798,0.718410354268647,1,8.71782178217822,1,9.65841584158416
0.00633616684032458,99,0.177,0.0989639452963116,0.823,0.739282454871935,1,6.77401129943503,1,7.71751412429379
0.00633616684032458,100,0.188,0.130045586406962,0.812,0.731329485249671,1,8.36170212765957,1,9.32978723404255
0.00853098473969325,1,0.235,0.188644840447576,0.765,0.858944424031954,1,9.71063829787234,1,10.6595744680851
0.00853098473969325,2,0.24,0.198922503108164,0.76,0.855625748183618,1,10.0083333333333,1,10.9916666666667
0.00853098473969325,3,0.222,0.168006630750104,0.778,0.875146673620083,1,9.14864864864865,1,10.1126126126126
0.00853098473969325,4,0.244,0.192789059262329,0.756,0.843085894442403,1,9.54508196721311,1,10.5204918032787
0.00853098473969325,5,0.264,0.208619975134687,0.736,0.823719050384611,1,9.54166666666667,1,10.5265151515152
0.00853098473969325,6,0.224,0.189059262329051,0.776,0.869054532955636,1,10.1875,1,11.1785714285714
0.00853098473969325,7,0.222,0.199419809365935,0.778,0.867288523307772,1,10.8558558558559,1,11.8198198198198
0.00853098473969325,8,0.229,0.178367177786987,0.771,0.85975038816655,1,9.42794759825328,1,10.3668122270742
0.00853098473969325,9,0.243,0.191545793617903,0.757,0.847554254423913,1,9.52674897119342,1,10.4938271604938
0.00853098473969325,10,0.229,0.179030252797348,0.771,0.869576039160375,1,9.45851528384279,1,10.4061135371179
0.00853098473969325,11,0.239,0.204973062577704,0.761,0.852295219921537,1,10.3849372384937,1,11.3096234309623
0.00853098473969325,12,0.216,0.179278905926233,0.784,0.877220846025293,1,10.0277777777778,1,11
0.00853098473969325,13,0.243,0.202154993783672,0.757,0.841130246174634,1,10.0493827160494,1,11.0246913580247
0.00853098473969325,14,0.245,0.202735184417737,0.755,0.846048997878418,1,10,1,10.9673469387755
0.00853098473969325,15,0.238,0.193369249896395,0.762,0.852141138542864,1,9.83193277310924,1,10.7731092436975
0.00853098473969325,16,0.251,0.228677994198094,0.749,0.838949402045727,1,11.00796812749,1,11.9760956175299
0.00853098473969325,17,0.233,0.192125984251969,0.767,0.852840430953764,1,9.97424892703863,1,10.9141630901288
0.00853098473969325,18,0.24,0.203812681309573,0.76,0.849130625451873,1,10.2625,1,11.2291666666667
0.00853098473969325,19,0.235,0.188644840447576,0.765,0.853160446124853,1,9.7063829787234,1,10.663829787234
0.00853098473969325,20,0.25,0.20033153750518,0.75,0.842208815825343,1,9.68,1,10.656
0.00853098473969325,21,0.237,0.194032324906755,0.763,0.854914603358974,1,9.89451476793249,1,10.8607594936709
0.00853098473969325,22,0.21,0.165354330708661,0.79,0.883573739792109,1,9.51904761904762,1,10.4809523809524
0.00853098473969325,23,0.258,0.204227103191048,0.742,0.835737397921087,1,9.58139534883721,1,10.5193798449612
0.00853098473969325,24,0.253,0.195855781185247,0.747,0.835156629647628,1,9.3596837944664,1,10.3201581027668
0.00853098473969325,25,0.225,0.201657687525901,0.775,0.864278010216781,1,10.8266666666667,1,11.8
0.00853098473969325,26,0.246,0.215084956485702,0.754,0.84929655924429,1,10.5528455284553,1,11.5447154471545
0.00853098473969325,27,0.264,0.230501450476585,0.736,0.821182633843382,1,10.5643939393939,1,11.5037878787879
0.00853098473969325,28,0.274,0.234562784915044,0.726,0.813881546977042,1,10.3613138686131,1,11.2956204379562
0.00853098473969325,29,0.245,0.197679237463738,0.755,0.835927036540992,1,9.75102040816327,1,10.7183673469388
0.00853098473969325,30,0.216,0.178284293410692,0.784,0.87706676464662,1,9.97222222222222,1,10.9444444444444
0.00853098473969325,31,0.242,0.198176543721509,0.758,0.849284706830546,1,9.89256198347107,1,10.8677685950413
0.00853098473969325,32,0.218,0.186075424782429,0.782,0.880764717734767,1,10.2981651376147,1,11.2981651376147
0.00853098473969325,33,0.246,0.184666390385412,0.754,0.850446243377464,1,9.08536585365854,1,10.0243902439024
0.00853098473969325,34,0.229,0.19983423124741,0.771,0.860710433679819,1,10.5589519650655,1,11.4978165938865
0.00853098473969325,35,0.228,0.163945296311645,0.772,0.858316246103519,1,8.69298245614035,1,9.6578947368421
0.00853098473969325,36,0.228,0.190799834231247,0.772,0.861943084709201,1,10.1052631578947,1,11.0877192982456
0.00853098473969325,37,0.228,0.180522171570659,0.772,0.864230600561804,1,9.56578947368421,1,10.5394736842105
0.00853098473969325,38,0.228,0.198922503108164,0.772,0.862701639188821,1,10.5350877192982,1,11.5175438596491
0.00853098473969325,39,0.244,0.202569415665147,0.756,0.842007324791694,1,10.0327868852459,1,11
0.00853098473969325,40,0.242,0.222876087857439,0.758,0.860959334368444,1,11.1446280991736,1,12.0785123966942
0.00853098473969325,41,0.258,0.230832987981765,0.742,0.822853824181294,1,10.8062015503876,1,11.7829457364341
0.00853098473969325,42,0.222,0.161292996270203,0.778,0.87537186948122,1,8.78828828828829,1,9.74324324324324
0.00853098473969325,43,0.237,0.203812681309573,0.763,0.860141517820104,1,10.4177215189873,1,11.3333333333333
0.00853098473969325,44,0.238,0.179196021549938,0.762,0.848383923385998,1,9.10504201680672,1,10.063025210084
0.00853098473969325,45,0.244,0.198922503108164,0.756,0.848715790970831,1,9.84426229508197,1,10.827868852459
0.00853098473969325,46,0.244,0.198590965602984,0.756,0.850600324756137,1,9.86065573770492,1,10.7786885245902
0.00853098473969325,47,0.237,0.204061334438458,0.763,0.8472816489078,1,10.4050632911392,1,11.3713080168776
0.00853098473969325,48,0.233,0.202403646912557,0.767,0.853717509570824,1,10.4935622317597,1,11.4635193133047
0.00853098473969325,49,0.24,0.185743887277248,0.76,0.851145535788363,1,9.3625,1,10.3125
0.00853098473969325,50,0.245,0.222378781599668,0.755,0.839067926183167,1,10.9877551020408,1,11.9142857142857
0.00853098473969325,51,0.197,0.162038955656859,0.803,0.892510459755129,1,9.93908629441624,1,10.9086294416244
0.00853098473969325,52,0.254,0.211686697057605,0.746,0.834741795166586,1,10.0669291338583,1,11.0393700787402
0.00853098473969325,53,0.215,0.178615830915872,0.785,0.88135733842197,1,10.0418604651163,1,11.0046511627907
0.00853098473969325,54,0.253,0.202818068794032,0.747,0.841248770312074,1,9.71541501976285,1,10.6284584980237
0.00853098473969325,55,0.225,0.197762121840033,0.775,0.873617712247099,1,10.6133333333333,1,11.5955555555556
0.00853098473969325,56,0.231,0.172979693327808,0.769,0.860141517820104,1,9.06060606060606,1,10.008658008658
0.00853098473969325,57,0.237,0.18168255283879,0.763,0.85980965023527,1,9.29535864978903,1,10.1983122362869
0.00853098473969325,58,0.204,0.171902196435972,0.796,0.891372628035699,1,10.1764705882353,1,11.156862745098
0.00853098473969325,59,0.217,0.175383340240365,0.783,0.879188346706807,1,9.76036866359447,1,10.741935483871
0.00853098473969325,60,0.216,0.184086199751347,0.784,0.880041720496379,1,10.2916666666667,1,11.2731481481481
0.00853098473969325,61,0.224,0.176626605884791,0.776,0.865712152279812,1,9.52678571428571,1,10.5
0.00853098473969325,62,0.24,0.2,0.76,0.847637221320122,1,10.075,1,11.0333333333333
0.00853098473969325,63,0.23,0.209697472026523,0.77,0.859987436441431,1,11.0086956521739,1,11.9913043478261
0.00853098473969325,64,0.243,0.185495234148363,0.757,0.85402567232817,1,9.24279835390947,1,10.1769547325103
0.00853098473969325,65,0.226,0.189225031081641,0.774,0.862393476431475,1,10.1106194690265,1,11.0929203539823
0.00853098473969325,66,0.217,0.14521342726896,0.783,0.87411551362435,1,8.10599078341014,1,9.04147465437788
0.00853098473969325,67,0.248,0.202818068794032,0.752,0.847163124770359,1,9.88306451612903,1,10.8508064516129
0.00853098473969325,68,0.193,0.144135930377124,0.807,0.89987080869019,1,9.03108808290155,1,9.98963730569948
0.00853098473969325,69,0.252,0.206962287608786,0.748,0.844425217195482,1,9.92460317460317,1,10.8928571428571
0.00853098473969325,70,0.227,0.182677165354331,0.773,0.859335553685508,1,9.7136563876652,1,10.704845814978
0.00853098473969325,71,0.257,0.208039784500622,0.743,0.829858600704033,1,9.77821011673152,1,10.7548638132296
0.00853098473969325,72,0.228,0.18740157480315,0.772,0.859963731613943,1,9.92982456140351,1,10.9035087719298
0.00853098473969325,73,0.247,0.214670534604227,0.753,0.846760142703061,1,10.4939271255061,1,11.4777327935223
0.00853098473969325,74,0.242,0.21831744716121,0.758,0.846167522015859,1,10.900826446281,1,11.8677685950413
0.00853098473969325,75,0.215,0.164608371322006,0.785,0.885920517713432,1,9.25581395348837,1,10.2186046511628
0.00853098473969325,76,0.23,0.196767509324492,0.77,0.866778869516777,1,10.3391304347826,1,11.304347826087
0.00853098473969325,77,0.222,0.179859096560298,0.778,0.871768735703026,1,9.8018018018018,1,10.7477477477477
0.00853098473969325,78,0.224,0.176543721508496,0.776,0.866032167450901,1,9.53125,1,10.4866071428571
0.00853098473969325,79,0.234,0.172482387070037,0.766,0.854167901293098,1,8.91452991452991,1,9.86752136752137
0.00853098473969325,80,0.232,0.205636137588065,0.768,0.85843477024096,1,10.7112068965517,1,11.676724137931
0.00853098473969325,81,0.252,0.186241193535019,0.748,0.834101764824406,1,8.92857142857143,1,9.90476190476191
0.00853098473969325,82,0.233,0.195524243680066,0.767,0.855210913702576,1,10.1502145922747,1,11.0987124463519
0.00853098473969325,83,0.254,0.219975134687111,0.746,0.836247051712081,1,10.4842519685039,1,11.4133858267717
0.00853098473969325,84,0.247,0.210443431413179,0.753,0.84275402685757,1,10.3036437246964,1,11.2550607287449
0.00853098473969325,85,0.214,0.180522171570659,0.786,0.888243590807268,1,10.196261682243,1,11.1588785046729
0.00853098473969325,86,0.245,0.196601740571902,0.755,0.844164464093113,1,9.70612244897959,1,10.6571428571429
0.00853098473969325,87,0.253,0.21160381268131,0.747,0.827855542781287,1,10.1343873517787,1,11.0474308300395
0.00853098473969325,88,0.218,0.185495234148363,0.782,0.869813087435256,1,10.2798165137615,1,11.2522935779817
0.00853098473969325,89,0.226,0.186738499792789,0.774,0.87946095222292,1,9.99115044247788,1,10.9469026548673
0.00853098473969325,90,0.228,0.185412349772068,0.772,0.868663403302082,1,9.8421052631579,1,10.7763157894737
0.00853098473969325,91,0.232,0.190468296726067,0.768,0.860283746785033,1,9.93965517241379,1,10.8706896551724
0.00853098473969325,92,0.221,0.160961458765023,0.779,0.869516777091655,1,8.80995475113122,1,9.76470588235294
0.00853098473969325,93,0.239,0.197596353087443,0.761,0.852686349575091,1,9.99163179916318,1,10.9581589958159
0.00853098473969325,94,0.233,0.164525486945711,0.767,0.852674497161347,1,8.54077253218884,1,9.49785407725322
0.00853098473969325,95,0.24,0.191297140489018,0.76,0.850469948204952,1,9.62916666666667,1,10.6041666666667
0.00853098473969325,96,0.23,0.184086199751347,0.77,0.860544499887402,1,9.66086956521739,1,10.6521739130435
0.00853098473969325,97,0.228,0.180273518441774,0.772,0.867975963304927,1,9.55263157894737,1,10.5263157894737
0.00853098473969325,98,0.238,0.194944053046001,0.762,0.857213971625322,1,9.91176470588235,1,10.8529411764706
0.00853098473969325,99,0.247,0.203978450062163,0.753,0.840679854452359,1,9.98785425101215,1,10.9392712550607
0.00853098473969325,100,0.234,0.186904268545379,0.766,0.858885161963234,1,9.68803418803419,1,10.5854700854701
0.0107692307692308,1,0.333,0.407376709490261,0.667,1.01399770063173,1,14.7807807807808,1,15.7387387387387
0.0107692307692308,2,0.315,0.390053874844592,0.685,1.05639378459423,1,14.9555555555556,1,15.9206349206349
0.0107692307692308,3,0.321,0.375549108992955,0.679,1.03361344537815,1,14.1277258566978,1,15.1028037383178
0.0107692307692308,4,0.324,0.346373808537091,0.676,1.04076045086582,1,12.8981481481481,1,13.8981481481481
0.0107692307692308,5,0.331,0.362784915043514,0.669,1.02072987163836,1,13.2356495468278,1,14.2084592145015
0.0107692307692308,6,0.303,0.368172399502694,0.697,1.06951440660891,1,14.6765676567657,1,15.6435643564356
0.0107692307692308,7,0.332,0.390799834231247,0.668,1.02375223714309,1,14.2198795180723,1,15.183734939759
0.0107692307692308,8,0.315,0.359966846249482,0.685,1.03885221225303,1,13.7936507936508,1,14.7809523809524
0.0107692307692308,9,0.344,0.40588479071695,0.656,1.00308162757346,1,14.25,1,15.2209302325581
0.0107692307692308,10,0.315,0.343638624119353,0.685,1.04540659705349,1,13.1746031746032,1,14.1492063492063
0.0107692307692308,11,0.288,0.334521342726896,0.712,1.08031195552974,1,14.0416666666667,1,14.9861111111111
0.0107692307692308,12,0.341,0.349937836717779,0.659,0.999715542070143,1,12.3958944281525,1,13.366568914956
0.0107692307692308,13,0.341,0.405967675093245,0.659,0.996823553116592,1,14.3841642228739,1,15.3431085043988
0.0107692307692308,14,0.293,0.322585992540406,0.707,1.08383212241173,1,13.2935153583618,1,14.2730375426621
0.0107692307692308,15,0.314,0.346622461665976,0.686,1.04797857083595,1,13.3375796178344,1,14.2993630573248
0.0107692307692308,16,0.334,0.400745959386656,0.666,1.01457846890519,1,14.4880239520958,1,15.4640718562874
0.0107692307692308,17,0.317,0.334852880232076,0.683,1.03984781500753,1,12.7570977917981,1,13.7318611987382
0.0107692307692308,18,0.326,0.37612929962702,0.674,1.03076886607958,1,13.9386503067485,1,14.9018404907975
0.0107692307692308,19,0.332,0.356983008702859,0.668,1.02024392267485,1,12.9849397590361,1,13.960843373494
0.0107692307692308,20,0.296,0.323746373808537,0.704,1.07666141209657,1,13.2162162162162,1,14.1756756756757
0.0107692307692308,21,0.327,0.379113137173643,0.673,1.02851690746821,1,14.0122324159021,1,14.960244648318
0.0107692307692308,22,0.302,0.36319933692499,0.698,1.07137523556672,1,14.5364238410596,1,15.4834437086093
0.0107692307692308,23,0.311,0.349937836717779,0.689,1.05825461355205,1,13.5916398713826,1,14.5594855305466
0.0107692307692308,24,0.315,0.352673021135516,0.685,1.04762299842363,1,13.5174603174603,1,14.4984126984127
0.0107692307692308,25,0.318,0.368421052631579,0.682,1.03744177501748,1,14,1,14.9559748427673
0.0107692307692308,26,0.31,0.347699958557812,0.69,1.0611466025056,1,13.5548387096774,1,14.5096774193548
0.0107692307692308,27,0.319,0.348114380439287,0.681,1.03530834054355,1,13.1880877742947,1,14.1442006269592
0.0107692307692308,28,0.304,0.333195192706175,0.696,1.06940773488521,1,13.2401315789474,1,14.2072368421053
0.0107692307692308,29,0.324,0.359883961873187,0.676,1.02865913643313,1,13.4104938271605,1,14.391975308642
0.0107692307692308,30,0.341,0.401657687525901,0.659,1.00657808962795,1,14.2404692082111,1,15.1818181818182
0.0107692307692308,31,0.305,0.337256527144633,0.695,1.05640563700798,1,13.3704918032787,1,14.3114754098361
0.0107692307692308,32,0.326,0.375217571487775,0.674,1.01826456957959,1,13.9018404907975,1,14.8711656441718
0.0107692307692308,33,0.332,0.412018234562785,0.668,1.01630892131183,1,14.9939759036145,1,15.9487951807229
0.0107692307692308,34,0.362,0.38201409034397,0.638,0.979364947671593,1,12.7541436464088,1,13.7099447513812
0.0107692307692308,35,0.31,0.361624533775383,0.69,1.05092982185822,1,14.0870967741935,1,15.0612903225806
0.0107692307692308,36,0.316,0.353501864898467,0.684,1.05607376942314,1,13.5094936708861,1,14.4841772151899
0.0107692307692308,37,0.324,0.361624533775383,0.676,1.03884035983928,1,13.4814814814815,1,14.4506172839506
0.0107692307692308,38,0.318,0.372233733941152,0.682,1.03187114055777,1,14.1320754716981,1,15.1132075471698
0.0107692307692308,39,0.334,0.404392871943639,0.666,1.01508812269619,1,14.6197604790419,1,15.5958083832335
0.0107692307692308,40,0.319,0.346539577289681,0.681,1.03980040535255,1,13.128526645768,1,14.0846394984326
0.0107692307692308,41,0.324,0.367757977621218,0.676,1.02734351850754,1,13.712962962963,1,14.6759259259259
0.0107692307692308,42,0.343,0.38135101533361,0.657,1.00253641654123,1,13.4227405247813,1,14.4052478134111
0.0107692307692308,43,0.309,0.356651471197679,0.691,1.04860674876439,1,13.9320388349515,1,14.9190938511327
0.0107692307692308,44,0.327,0.384003315375052,0.673,1.03176446883408,1,14.1804281345566,1,15.1559633027523
0.0107692307692308,45,0.325,0.371985080812267,0.675,1.02805466333219,1,13.8307692307692,1,14.7815384615385
0.0107692307692308,46,0.292,0.329133858267717,0.708,1.08997167273115,1,13.6095890410959,1,14.5890410958904
0.0107692307692308,47,0.327,0.412515540820555,0.673,1.02320702611087,1,15.2385321100917,1,16.2018348623853
0.0107692307692308,48,0.314,0.346622461665976,0.686,1.04307167154591,1,13.3312101910828,1,14.3057324840764
0.0107692307692308,49,0.309,0.34521342726896,0.691,1.05084685496201,1,13.4919093851133,1,14.4660194174757
0.0107692307692308,50,0.312,0.341317861583092,0.688,1.04335612947577,1,13.2083333333333,1,14.1891025641026
0.0107692307692308,51,0.324,0.390468296726067,0.676,1.03707435019142,1,14.5586419753086,1,15.5216049382716
0.0107692307692308,52,0.308,0.33982594280978,0.692,1.04763485083737,1,13.3214285714286,1,14.2987012987013
0.0107692307692308,53,0.33,0.423622047244094,0.67,1.01619039717438,1,15.5030303030303,1,16.469696969697
0.0107692307692308,54,0.316,0.36991297140489,0.684,1.03834255846203,1,14.1329113924051,1,15.1139240506329
0.0107692307692308,55,0.3,0.312722751761293,0.7,1.06898104799042,1,12.59,1,13.56
0.0107692307692308,56,0.294,0.324989639452963,0.706,1.08268243827856,1,13.3469387755102,1,14.3265306122449
0.0107692307692308,57,0.325,0.360961458765023,0.675,1.03204892676394,1,13.4123076923077,1,14.3876923076923
0.0107692307692308,58,0.321,0.349772067965189,0.679,1.0358061419208,1,13.1682242990654,1,14.1246105919003
0.0107692307692308,59,0.32,0.36336510567758,0.68,1.03810551018715,1,13.715625,1,14.68125
0.0107692307692308,60,0.321,0.359386655615416,0.679,1.03524907847483,1,13.5233644859813,1,14.4922118380062
0.0107692307692308,61,0.306,0.358972233733941,0.694,1.06421637766531,1,14.1633986928105,1,15.1437908496732
0.0107692307692308,62,0.304,0.331869042685454,0.696,1.06041175285347,1,13.1809210526316,1,14.1578947368421
0.0107692307692308,63,0.3,0.30940737670949,0.7,1.06272297353356,1,12.4666666666667,1,13.42
0.0107692307692308,64,0.333,0.42436800663075,0.667,1.0193431392303,1,15.3933933933934,1,16.3573573573574
0.0107692307692308,65,0.327,0.389473684210526,0.673,1.02369297507437,1,14.3853211009174,1,15.3547400611621
0.0107692307692308,66,0.306,0.344799005387484,0.694,1.06246222043119,1,13.6143790849673,1,14.5751633986928
0.0107692307692308,67,0.312,0.385412349772068,0.688,1.04204051155018,1,14.9198717948718,1,15.8878205128205
0.0107692307692308,68,0.321,0.338748445917944,0.679,1.04147159569046,1,12.7476635514019,1,13.7165109034268
0.0107692307692308,69,0.315,0.330045586406962,0.685,1.04096194189947,1,12.6761904761905,1,13.6063492063492
0.0107692307692308,70,0.31,0.369084127641939,0.69,1.05490038046248,1,14.3774193548387,1,15.3516129032258
0.0107692307692308,71,0.31,0.318607542478243,0.69,1.05262471702362,1,12.4193548387097,1,13.3806451612903
0.0107692307692308,72,0.289,0.311396601740572,0.711,1.0946652285738,1,13.0103806228374,1,13.9896193771626
0.0107692307692308,73,0.318,0.376046415250725,0.682,1.03632764812554,1,14.2798742138365,1,15.2547169811321
0.0107692307692308,74,0.321,0.357231661831745,0.679,1.03110073366441,1,13.4392523364486,1,14.4143302180685
0.0107692307692308,75,0.314,0.366183174471612,0.686,1.04212347844639,1,14.0955414012739,1,15.0445859872611
0.0107692307692308,76,0.321,0.341732283464567,0.679,1.04535918739851,1,12.8722741433022,1,13.816199376947
0.0107692307692308,77,0.292,0.324326564442603,0.708,1.08470920102879,1,13.4143835616438,1,14.3869863013699
0.0107692307692308,78,0.317,0.346788230418566,0.683,1.0494719749677,1,13.2082018927445,1,14.1892744479495
0.0107692307692308,79,0.338,0.379859096560298,0.662,1.01347619442699,1,13.5769230769231,1,14.5414201183432
0.0107692307692308,80,0.32,0.33394115209283,0.68,1.03629209088431,1,12.596875,1,13.584375
0.0107692307692308,81,0.322,0.326481558226274,0.678,1.03343565917199,1,12.2453416149068,1,13.2204968944099
0.0107692307692308,82,0.323,0.373559883961873,0.677,1.02528119851608,1,13.953560371517,1,14.953560371517
0.0107692307692308,83,0.335,0.415084956485702,0.665,1.02178473646158,1,14.9582089552239,1,15.9402985074627
0.0107692307692308,84,0.301,0.33344384583506,0.699,1.05621599838807,1,13.3920265780731,1,14.3388704318937
0.0107692307692308,85,0.325,0.401657687525901,0.675,1.03321046331085,1,14.9261538461538,1,15.8953846153846
0.0107692307692308,86,0.325,0.387152921674264,0.675,1.03041329366726,1,14.3846153846154,1,15.36
0.0107692307692308,87,0.316,0.394529631164525,0.684,1.04810894738714,1,15.0791139240506,1,16.0474683544304
0.0107692307692308,88,0.336,0.401409034397016,0.664,1.0133695227033,1,14.4196428571429,1,15.4077380952381
0.0107692307692308,89,0.321,0.390219643597182,0.679,1.03107702883692,1,14.6853582554517,1,15.6479750778816
0.0107692307692308,90,0.301,0.337339411520928,0.699,1.06309039835963,1,13.5415282392027,1,14.5016611295681
0.0107692307692308,91,0.326,0.385412349772068,0.674,1.03251117089995,1,14.2852760736196,1,15.2423312883436
0.0107692307692308,92,0.317,0.348611686697058,0.683,1.04470730464259,1,13.2870662460568,1,14.2492113564669
0.0107692307692308,93,0.322,0.354828014919188,0.678,1.03929075156156,1,13.3167701863354,1,14.2701863354037
0.0107692307692308,94,0.348,0.391214256112723,0.652,0.989356532457835,1,13.5804597701149,1,14.5459770114943
0.0107692307692308,95,0.311,0.355822627434729,0.689,1.04791930876723,1,13.8199356913183,1,14.7877813504823
0.0107692307692308,96,0.337,0.38135101533361,0.663,1.0167593130341,1,13.6676557863501,1,14.6379821958457
0.0107692307692308,97,0.312,0.381599668462495,0.688,1.05392848253547,1,14.7724358974359,1,15.7403846153846
0.0107692307692308,98,0.333,0.391462909241608,0.667,1.0208483957758,1,14.1951951951952,1,15.1711711711712
0.0107692307692308,99,0.33,0.367260671363448,0.67,1.03213189366014,1,13.4575757575758,1,14.3969696969697
0.0107692307692308,100,0.296,0.329548280149192,0.704,1.07584359554823,1,13.4493243243243,1,14.4155405405405
0.0130522067552421,1,0.485,0.91462909241608,0.515,1.30143058633891,1,22.7587628865979,1,23.7463917525773
0.0130522067552421,2,0.492,0.88487360132615,0.508,1.30969171871852,1,21.7113821138211,1,22.6869918699187
0.0130522067552421,3,0.508,1.0469954413593,0.492,1.2641428927001,1,24.8740157480315,1,25.8562992125984
0.0130522067552421,4,0.5,0.923995026937422,0.5,1.28085479607922,1,22.3,1,23.292
0.0130522067552421,5,0.511,0.959718193120597,0.489,1.24622204311908,1,22.6751467710372,1,23.6438356164384
0.0130522067552421,6,0.499,0.926813095731455,0.501,1.27152694646265,1,22.4108216432866,1,23.4068136272545
0.0130522067552421,7,0.52,1.06125155408206,0.48,1.22935605836129,1,24.6307692307692,1,25.6153846153846
0.0130522067552421,8,0.502,0.967840861997514,0.498,1.27598345403041,1,23.2689243027888,1,24.2529880478088
0.0130522067552421,9,0.549,1.02552838789888,0.451,1.14307048630454,1,22.5428051001822,1,23.5318761384335
0.0130522067552421,10,0.512,0.960132615002072,0.488,1.25722108307357,1,22.642578125,1,23.607421875
0.0130522067552421,11,0.488,0.968006630750104,0.512,1.29948679048488,1,23.9344262295082,1,24.9303278688525
0.0130522067552421,12,0.493,0.984417737256527,0.507,1.3075345794171,1,24.1014198782961,1,25.0811359026369
0.0130522067552421,13,0.476,0.921922917530046,0.524,1.33568406205924,1,23.3781512605042,1,24.3571428571429
0.0130522067552421,14,0.495,0.982511396601741,0.505,1.29776819049199,1,23.9555555555556,1,24.9393939393939
0.0130522067552421,15,0.495,0.939743058433485,0.505,1.28772919605078,1,22.9232323232323,1,23.8868686868687
0.0130522067552421,16,0.507,0.965768752590137,0.493,1.25962712306361,1,22.9921104536489,1,23.9723865877712
0.0130522067552421,17,0.498,0.997596353087443,0.502,1.29729409394223,1,24.1706827309237,1,25.1666666666667
0.0130522067552421,18,0.473,0.881723995026937,0.527,1.34756018063079,1,22.4989429175476,1,23.4820295983087
0.0130522067552421,19,0.493,0.904931620389557,0.507,1.31355560559908,1,22.1541582150101,1,23.1379310344828
0.0130522067552421,20,0.501,0.97563199336925,0.499,1.28364011330908,1,23.499001996008,1,24.4910179640719
0.0130522067552421,21,0.514,0.984417737256527,0.486,1.24540422657074,1,23.1108949416342,1,24.1031128404669
0.0130522067552421,22,0.505,1.02552838789888,0.495,1.25429353687879,1,24.5148514851485,1,25.4871287128713
0.0130522067552421,23,0.509,0.998425196850394,0.491,1.25175712033756,1,23.6777996070727,1,24.6542239685658
0.0130522067552421,24,0.502,0.868959801077497,0.498,1.27101729267165,1,20.8924302788845,1,21.8764940239044
0.0130522067552421,25,0.485,0.998093659345213,0.515,1.31545199179813,1,24.8371134020619,1,25.8185567010309
0.0130522067552421,26,0.477,0.892830501450477,0.523,1.33023195173697,1,22.5953878406709,1,23.5681341719078
0.0130522067552421,27,0.5,1.01160381268131,0.5,1.28218226641856,1,24.418,1,25.402
0.0130522067552421,28,0.528,0.991131371736428,0.472,1.20076803641062,1,22.6609848484848,1,23.6344696969697
0.0130522067552421,29,0.51,0.999088271860754,0.49,1.27400410093516,1,23.6470588235294,1,24.6235294117647
0.0130522067552421,30,0.506,0.941566514711977,0.494,1.26806604164938,1,22.4604743083004,1,23.4407114624506
0.0130522067552421,31,0.496,0.914711976792375,0.504,1.28350973675789,1,22.258064516129,1,23.241935483871
0.0130522067552421,32,0.484,0.89730625777041,0.516,1.32563321520428,1,22.3822314049587,1,23.353305785124
0.0130522067552421,33,0.493,0.978947368421053,0.507,1.29651183463512,1,23.973630831643,1,24.9411764705882
0.0130522067552421,34,0.479,0.871777869871529,0.521,1.32705550485356,1,21.9665970772443,1,22.9498956158664
0.0130522067552421,35,0.494,1.02138416908413,0.506,1.28625949674651,1,24.9514170040486,1,25.9392712550607
0.0130522067552421,36,0.512,0.999585578118525,0.488,1.25371276860533,1,23.56640625,1,24.54296875
0.0130522067552421,37,0.517,1.00820555325321,0.483,1.23764089556838,1,23.5377176015474,1,24.5183752417795
0.0130522067552421,38,0.49,1.00538748445918,0.51,1.30568560287303,1,24.7612244897959,1,25.7489795918367
0.0130522067552421,39,0.503,0.972979693327808,0.497,1.26389399201147,1,23.3479125248509,1,24.3280318091451
0.0130522067552421,40,0.481,0.98184832159138,0.519,1.32841853243413,1,24.6320166320166,1,25.6216216216216
0.0130522067552421,41,0.495,0.935681723995027,0.505,1.29786300980195,1,22.8141414141414,1,23.7979797979798
0.0130522067552421,42,0.518,1.01127227517613,0.482,1.24649464863519,1,23.5694980694981,1,24.53861003861
0.0130522067552421,43,0.522,0.996021549937837,0.478,1.21692287634377,1,23.0402298850575,1,24.0019157088123
0.0130522067552421,44,0.519,1.10368835474513,0.481,1.22147420322149,1,25.6705202312139,1,26.6435452793834
0.0130522067552421,45,0.522,1.02809780356403,0.478,1.2218534804613,1,23.7739463601533,1,24.7509578544061
0.0130522067552421,46,0.515,1,0.485,1.22292019769826,1,23.4368932038835,1,24.4174757281553
0.0130522067552421,47,0.508,1.00207210940738,0.492,1.2542698320513,1,23.8090551181102,1,24.7874015748031
0.0130522067552421,48,0.516,0.988313302942395,0.484,1.23847056453047,1,23.1240310077519,1,24.093023255814
0.0130522067552421,49,0.491,0.931786158309159,0.509,1.28840478363419,1,22.9002036659878,1,23.8900203665988
0.0130522067552421,50,0.47,0.872192291753005,0.53,1.33907385239004,1,22.3957446808511,1,23.3829787234043
0.0130522067552421,51,0.531,1.1041856610029,0.469,1.19005345438599,1,25.0998116760829,1,26.0772128060264
0.0130522067552421,52,0.511,0.966183174471612,0.489,1.24931552310628,1,22.8199608610568,1,23.8043052837573
0.0130522067552421,53,0.503,0.949440530460008,0.497,1.27055504853563,1,22.779324055666,1,23.7673956262425
0.0130522067552421,54,0.508,0.971819312059677,0.492,1.2570670016949,1,23.0885826771654,1,24.0708661417323
0.0130522067552421,55,0.525,0.990302527973477,0.475,1.20718019224615,1,22.7638095238095,1,23.752380952381
0.0130522067552421,56,0.515,0.999088271860754,0.485,1.24311671071814,1,23.4233009708738,1,24.3883495145631
0.0130522067552421,57,0.511,0.940903439701616,0.489,1.24337746382051,1,22.2309197651663,1,23.1996086105675
0.0130522067552421,58,0.511,1.00687940323249,0.489,1.26029085823328,1,23.7749510763209,1,24.7710371819961
0.0130522067552421,59,0.522,1.02552838789888,0.478,1.2166621232414,1,23.72030651341,1,24.683908045977
0.0130522067552421,60,0.524,0.961210111893908,0.476,1.22264759218215,1,22.1507633587786,1,23.1125954198473
0.0130522067552421,61,0.517,1.00256941566515,0.483,1.23804387763568,1,23.4119922630561,1,24.3810444874275
0.0130522067552421,62,0.51,0.974803149606299,0.49,1.24567683208685,1,23.0686274509804,1,24.0529411764706
0.0130522067552421,63,0.505,0.954828014919188,0.495,1.26641855613896,1,22.8237623762376,1,23.8
0.0130522067552421,64,0.492,0.942644011603813,0.508,1.30002014910336,1,23.1321138211382,1,24.099593495935
0.0130522067552421,65,0.501,0.949191877331123,0.499,1.2784013464342,1,22.8642714570858,1,23.8522954091816
0.0130522067552421,66,0.519,0.979941980936593,0.481,1.2276374583684,1,22.7899807321773,1,23.7687861271676
0.0130522067552421,67,0.485,0.901450476585164,0.515,1.31559422076306,1,22.4309278350515,1,23.4185567010309
0.0130522067552421,68,0.523,1.03539162867799,0.477,1.21972004598737,1,23.9005736137667,1,24.8699808795411
0.0130522067552421,69,0.492,0.842768338168255,0.508,1.28340306503419,1,20.6747967479675,1,21.6585365853659
0.0130522067552421,70,0.506,0.970824699544136,0.494,1.2654348057982,1,23.1640316205534,1,24.1324110671937
0.0130522067552421,71,0.502,0.921922917530046,0.498,1.26251911201716,1,22.1653386454183,1,23.1494023904382
0.0130522067552421,72,0.509,0.95748031496063,0.491,1.25703144445366,1,22.7033398821218,1,23.6876227897839
0.0130522067552421,73,0.509,0.966846249481973,0.491,1.2477865617333,1,22.9253438113949,1,23.9076620825147
0.0130522067552421,74,0.49,0.961210111893908,0.51,1.30048239323938,1,23.6734693877551,1,24.6571428571429
0.0130522067552421,75,0.497,0.976377952755906,0.503,1.28237190503846,1,23.7042253521127,1,24.7002012072435
0.0130522067552421,76,0.509,1.0924989639453,0.491,1.25072596034182,1,25.9076620825147,1,26.8840864440079
0.0130522067552421,77,0.485,1.0184832159138,0.515,1.31419563594126,1,25.3422680412371,1,26.3298969072165
0.0130522067552421,78,0.526,1.05346042271032,0.474,1.22422396321011,1,24.1787072243346,1,25.1463878326996
0.0130522067552421,79,0.493,1.01392457521757,0.507,1.29619181946403,1,24.8174442190669,1,25.8093306288032
0.0130522067552421,80,0.513,0.964525486945711,0.487,1.25773073686456,1,22.692007797271,1,23.6764132553606
0.0130522067552421,81,0.492,1.02751761292996,0.508,1.29068044707305,1,25.2052845528455,1,26.1890243902439
0.0130522067552421,82,0.491,1.06705346042271,0.509,1.29993718220716,1,26.224032586558,1,27.2158859470468
0.0130522067552421,83,0.526,1.06415250725238,0.474,1.21993338943476,1,24.4201520912548,1,25.3973384030418
0.0130522067552421,84,0.509,0.972896808951513,0.491,1.24562942243188,1,23.0707269155206,1,24.0510805500982
0.0130522067552421,85,0.526,1.0503937007874,0.474,1.20722760190113,1,24.0988593155894,1,25.0874524714829
0.0130522067552421,86,0.537,1.10211355159552,0.463,1.17430159652013,1,24.7709497206704,1,25.7523277467412
0.0130522067552421,87,0.509,0.996021549937837,0.491,1.26133387064276,1,23.6208251473477,1,24.5952848722986
0.0130522067552421,88,0.513,0.991794446746788,0.487,1.26102570788541,1,23.3313840155945,1,24.3196881091618
0.0130522067552421,89,0.521,1.08155822627435,0.479,1.22621516871911,1,25.0537428023033,1,26.0383877159309
0.0130522067552421,90,0.502,0.924989639452963,0.498,1.26589704993422,1,22.2330677290837,1,23.2290836653386
0.0130522067552421,91,0.516,1.05818483215914,0.484,1.219459292885,1,24.75,1,25.734496124031
0.0130522067552421,92,0.502,0.96419394944053,0.498,1.27584122506548,1,23.1772908366534,1,24.1653386454183
0.0130522067552421,93,0.499,1.03340240364691,0.501,1.27435967334748,1,24.9939879759519,1,25.9759519038076
0.0130522067552421,94,0.51,1.0016576875259,0.49,1.23365848455038,1,23.7078431372549,1,24.6843137254902
0.0130522067552421,95,0.493,0.885288023207625,0.507,1.29518436429579,1,21.683569979716,1,22.6470588235294
0.0130522067552421,96,0.501,0.922420223787816,0.499,1.27041281957071,1,22.2295409181637,1,23.1976047904192
0.0130522067552421,97,0.476,0.952590136759221,0.524,1.3223026869422,1,24.1512605042017,1,25.1386554621849
0.0130522067552421,98,0.507,0.99966846249482,0.493,1.25434094653376,1,23.8027613412229,1,24.7751479289941
0.0130522067552421,99,0.528,1.03157894736842,0.472,1.18771852887841,1,23.5795454545455,1,24.5643939393939
0.0130522067552421,100,0.503,1.02395358474927,0.497,1.26909720164511,1,24.5745526838966,1,25.5467196819085
0.0153812670815772,1,0.989,3.99925404061334,0,0,1,48.7917087967644,1,49.783619817998
0.0153812670815772,2,0.989,4.00447575631993,0,0,1,48.8554095045501,1,49.8473205257836
0.0153812670815772,3,0.985,4.42088686282636,0,0,1,54.156345177665,1,55.1441624365482
0.0153812670815772,4,0.987,4.16784086199751,0,0,1,50.9533941236069,1,51.9412360688956
0.0153812670815772,5,0.99,4.36709490261086,0,0,1,53.2262626262626,1,54.2161616161616
0.0153812670815772,6,0.987,4.17911313717364,0,0,1,51.0871327254306,1,52.0830800405269
0.0153812670815772,7,0.99,4.2806464981351,0,0,1,52.6215943491423,1,53.6135216952573
0.0153812670815772,8,0.993,3.94330708661417,0,0,1,47.9184290030211,1,48.9043303121853
0.0153812670815772,9,0.982,4.11040198922503,0,0,1,50.5071283095723,1,51.4938900203666
0.0153812670815772,10,0.989,4.51703273932864,0,0,1,55.1092012133468,1,56.0990899898888
0.0153812670815772,11,0.982,3.99444674678823,0,0,1,49.0794297352342,1,50.0733197556008
0.0153812670815772,12,0.988,4.47592208868628,0,0,1,54.6609311740891,1,55.6548582995951
0.0153812670815772,13,0.991,3.98010774968918,0,0,1,48.460141271443,1,49.452068617558
0.0153812670815772,14,0.987,4.15051802735184,0,0,1,50.7386018237082,1,51.7325227963526
0.0153812670815772,15,0.992,4.04525486945711,0,0,1,49.2046370967742,1,50.1945564516129
0.0153812670815772,16,0.986,3.83447990053875,0,0,1,46.9259634888438,1,47.9137931034483
0.0153812670815772,17,0.992,4.10733526730211,0,0,1,49.960685483871,1,50.9485887096774
0.0153812670815772,18,0.985,4.34529631164525,0,0,1,53.2274111675127,1,54.2213197969543
0.0153812670815772,19,0.991,4.16734355573974,0,0,1,51.195564516129,1,51.7285570131181
0.0153812670815772,20,0.992,4.08818897637795,0,0,1,49.7237903225806,1,50.7197580645161
0.0153812670815772,21,0.989,4.16676336510568,0,0,1,50.8361981799798,1,51.8260869565217
0.0153812670815772,22,0.99,3.88014919187733,0,0,1,47.2909090909091,1,48.2828282828283
0.0153812670815772,23,0.992,4.3545793617903,0,0,1,52.9647177419355,1,53.9586693548387
0.0153812670815772,24,0.987,3.90095317032739,0,0,1,47.6899696048632,1,48.6798378926038
0.0153812670815772,25,0.988,4.34164939908827,0,0,1,53.0222672064777,1,54.0141700404858
0.0153812670815772,26,0.99,4.02644011603813,0,0,1,49.0787878787879,1,50.0606060606061
0.0153812670815772,27,0.986,3.97911313717364,0,0,1,48.6967545638945,1,49.6825557809331
0.0153812670815772,28,0.986,4.4335681723995,0,0,1,54.2545638945233,1,55.2464503042596
0.0153812670815772,29,0.985,4.06837961044343,0,0,1,49.8355329949239,1,50.8294416243655
0.0153812670815772,30,0.992,3.8420223787816,0,0,1,46.7348790322581,1,47.7207661290323
0.0153812670815772,31,0.988,4.2100290095317,0,0,1,51.412955465587,1,52.4089068825911
0.0153812670815772,32,0.991,3.97629506837961,0,0,1,48.4157416750757,1,49.4036326942482
0.0153812670815772,33,0.993,4.10617488603398,0,0,1,49.8972809667674,1,50.8831822759315
0.0153812670815772,34,0.993,4.43506009117281,0,0,1,54.3440643863179,1,55.3239436619718
0.0153812670815772,35,0.989,3.78632407791131,0,0,1,46.1971688574317,1,47.1830131445905
0.0153812670815772,36,0.983,3.88545379196022,0,0,1,47.6937945066124,1,48.6836215666328
0.0153812670815772,37,0.988,4.23655200994613,0,0,1,51.7398785425101,1,52.7297570850202
0.0153812670815772,38,0.986,4.1647741400746,0,0,1,50.9665314401623,1,51.9563894523327
0.0153812670815772,39,0.988,4.20074595938666,0,0,1,51.3016194331984,1,52.2935222672065
0.0153812670815772,40,0.989,4.34761707418152,0,0,1,53.0434782608696,1,54.0313447927199
0.0153812670815772,41,0.992,3.95756319933693,0,0,1,48.1391129032258,1,49.1270161290323
0.0153812670815772,42,0.993,4.24550352258599,0,0,1,51.5871097683787,1,52.5790533736153
0.0153812670815772,43,0.989,4.57886448404476,0,0,1,55.8645096056623,1,56.8523761375126
0.0153812670815772,44,0.985,4.30020721094074,0,0,1,52.6791878172589,1,53.6649746192893
0.0153812670815772,45,0.995,3.91802735184418,0,0,1,47.5145728643216,1,48.5025125628141
0.0153812670815772,46,0.989,4.04160795690012,0,0,1,49.3073811931244,1,50.3013144590495
0.0153812670815772,47,0.986,4.25304600082884,0,0,1,52.0456389452333,1,53.0375253549696
0.0153812670815772,48,0.984,4.14421881475342,0,0,1,50.8180894308943,1,51.8079268292683
0.0153812670815772,49,0.989,4.21052631578947,0,0,1,51.3680485338726,1,52.3619817997978
0.0153812670815772,50,0.984,4.10874430169913,0,0,1,50.3841463414634,1,51.3719512195122
0.0153812670815772,51,0.99,4.15946953999171,0,0,1,50.6959595959596,1,51.6858585858586
0.0153812670815772,52,0.984,4.16402818068794,0,0,1,51.0619918699187,1,52.0497967479675
0.0153812670815772,53,0.985,3.92117695814339,0,0,1,48.0345177664975,1,49.0243654822335
0.0153812670815772,54,0.991,4.42934106920845,0,0,1,53.9344096871847,1,54.9162462159435
0.0153812670815772,55,0.974,4.07666804807294,0,0,1,50.4989733059548,1,51.4969199178645
0.0153812670815772,56,0.986,3.94338997099047,0,0,1,48.2545638945233,1,49.2505070993915
0.0153812670815772,57,0.987,3.8689598010775,0,0,1,47.2968591691996,1,48.289766970618
0.0153812670815772,58,0.986,4.26241193535019,0,0,1,52.6170212765957,1,53.6008105369808
0.0153812670815772,59,0.99,3.85296311645255,0,0,1,46.959595959596,1,47.9515151515152
0.0153812670815772,60,0.982,3.98905926232905,0,0,1,49.0112016293279,1,50.0091649694501
0.0153812670815772,61,0.99,4.47849150435143,0,0,1,54.5858585858586,1,55.5717171717172
0.0153812670815772,62,0.989,4.40969747202652,0,0,1,53.7967644084934,1,54.7927199191102
0.0153812670815772,63,0.987,4.4033982594281,0,0,1,53.8297872340426,1,54.8237082066869
0.0153812670815772,64,0.985,4.01384169084128,0,0,1,49.1715736040609,1,50.1573604060914
0.0153812670815772,65,0.988,4.17596353087443,0,0,1,51.003036437247,1,51.9868421052632
0.0153812670815772,66,0.987,3.9680895151264,0,0,1,48.5075987841945,1,49.5035460992908
0.0153812670815772,67,0.989,4.08918358889349,0,0,1,49.8887765419616,1,50.8806875631951
0.0153812670815772,68,0.989,3.86647326978864,0,0,1,47.1729019211325,1,48.1627906976744
0.0153812670815772,69,0.986,4.24624948197265,0,0,1,51.9645030425963,1,52.9523326572008
0.0153812670815772,70,0.993,4.22171570658931,0,0,1,51.30110775428,1,52.2870090634441
0.0153812670815772,71,0.99,3.86597596353087,0,0,1,47.1232323232323,1,48.1050505050505
0.0153812670815772,72,0.991,4.29100704517198,0,0,1,52.247225025227,1,53.2351160443996
0.0153812670815772,73,0.988,4.08586821384169,0,0,1,49.8967611336032,1,50.8927125506073
0.0153812670815772,74,0.987,3.90203066721923,0,0,1,47.7071935157042,1,48.6889564336373
0.0153812670815772,75,0.989,3.90227932034811,0,0,1,47.6056622851365,1,48.6036400404449
0.0153812670815772,76,0.986,3.98159966846249,0,0,1,48.7231237322515,1,49.7170385395538
0.0153812670815772,77,0.989,3.93700787401575,0,0,1,48.0313447927199,1,49.0252780586451
0.0153812670815772,78,0.992,4.1142146705346,0,0,1,50.0403225806452,1,51.0362903225806
0.0153812670815772,79,0.984,4.40132615002072,0,0,1,53.969512195122,1,54.9613821138211
0.0153812670815772,80,0.982,4.23597181931206,0,0,1,52.0468431771894,1,53.040733197556
0.0153812670815772,81,0.986,4.10070451719851,0,0,1,50.1876267748479,1,51.1673427991886
0.0153812670815772,82,0.99,4.13642768338168,0,0,1,50.4141414141414,1,51.4060606060606
0.0153812670815772,83,0.988,3.9563199336925,0,0,1,48.7735085945399,1,49.7633973710819
0.0153812670815772,84,0.986,3.76858682138417,0,0,1,46.1176470588235,1,47.1095334685598
0.0153812670815772,85,0.985,3.78217985909656,0,0,1,46.3319796954315,1,47.3218274111675
0.0153812670815772,86,0.984,4.26837961044343,0,0,1,52.3384146341463,1,53.3323170731707
0.0153812670815772,87,0.993,4.14670534604227,0,0,1,50.392749244713,1,51.3726082578046
0.0153812670815772,88,0.987,4.02445089100704,0,0,1,49.1955420466059,1,50.1925025329281
0.0153812670815772,89,0.987,4.1277248238707,0,0,1,50.4609929078014,1,51.4528875379939
0.0153812670815772,90,0.991,3.95184417737257,0,0,1,48.1150353178607,1,49.108980827447
0.0153812670815772,91,0.993,4.37099046829673,0,0,1,53.1137965760322,1,54.1007049345418
0.0153812670815772,92,0.99,4.10808122668877,0,0,1,50.0717171717172,1,51.0575757575758
0.0153812670815772,93,0.988,3.93327807708247,0,0,1,48.0364372469636,1,49.0263157894737
0.0153812670815772,94,0.989,4.28305014504766,0,0,1,52.2548028311426,1,53.2446916076845
0.0153812670815772,95,0.991,3.88537090758392,0,0,1,47.3097880928355,1,48.2956609485368
0.0153812670815772,96,0.987,4.22536261914629,0,0,1,51.6565349544073,1,52.644376899696
0.0153812670815772,97,0.993,4.27608785743887,0,0,1,51.9607250755287,1,52.9486404833837
0.0153812670815772,98,0.985,4.1008702859511,0,0,1,50.2335025380711,1,51.2274111675127
0.0153812670815772,99,0.986,3.81972648155823,0,0,1,46.7484787018256,1,47.7302231237323
0.0153812670815772,100,0.987,4.10799834231247,0,0,1,50.6771255060729,1,51.662955465587
0.0177578213690012,1,1,1.96087857438873,0,0,1,23.663,1,24.653
0.0177578213690012,2,1,2.01881475341898,0,0,1,24.362,1,25.352
0.0177578213690012,3,1,2.03671777869872,0,0,1,24.581,1,25.565
0.0177578213690012,4,1,2.05503522585993,0,0,1,24.797,1,25.79
0.0177578213690012,5,1,1.99013675922089,0,0,1,24.014,1,25.008
0.0177578213690012,6,1,1.98632407791131,0,0,1,23.969,1,24.96
0.0177578213690012,7,1,2.02735184417737,0,0,1,24.463,1,25.457
0.0177578213690012,8,1,2.06672192291753,0,0,1,24.938,1,25.932
0.0177578213690012,9,1,1.99452963116453,0,0,1,24.069,1,25.058
0.0177578213690012,10,1,2.04210526315789,0,0,1,24.643,1,25.633
0.0177578213690012,11,1,1.98234562784915,0,0,1,23.921,1,24.913
0.0177578213690012,12,1,1.98673849979279,0,0,1,23.971,1,24.968
0.0177578213690012,13,1,2.03779527559055,0,0,1,24.592,1,25.579
0.0177578213690012,14,1,1.9680066307501,0,0,1,23.75,1,24.737
0.0177578213690012,15,1,1.97181931205968,0,0,1,23.794,1,24.786
0.0177578213690012,16,1,1.9781185246581,0,0,1,23.866,1,24.866
0.0177578213690012,17,1,2.03779527559055,0,0,1,24.589,1,25.583
0.0177578213690012,18,1,2.00754247824285,0,0,1,24.225,1,25.217
0.0177578213690012,19,1,2.01442188147534,0,0,1,24.305,1,25.303
0.0177578213690012,20,1,1.97057604641525,0,0,1,23.782,1,24.768
0.0177578213690012,21,1,1.97588064649814,0,0,1,23.842,1,24.835
0.0177578213690012,22,1,2.07128056361376,0,0,1,24.996,1,25.984
0.0177578213690012,23,1,2.02096974720265,0,0,1,24.387,1,25.379
0.0177578213690012,24,1,2.08271860754248,0,0,1,25.133,1,26.123
0.0177578213690012,25,1,2.00058019063407,0,0,1,24.138,1,25.136
0.0177578213690012,26,1,1.98184832159138,0,0,1,23.916,1,24.906
0.0177578213690012,27,1,1.99287194363862,0,0,1,24.051,1,25.037
0.0177578213690012,28,1,1.97447161210112,0,0,1,23.827,1,24.817
0.0177578213690012,29,1,2.06299212598425,0,0,1,24.893,1,25.887
0.0177578213690012,30,1,2.00911728139246,0,0,1,24.243,1,25.236
0.0177578213690012,31,1,2.03646912556983,0,0,1,24.573,1,25.567
0.0177578213690012,32,1,2.07360132615002,0,0,1,25.022,1,26.014
0.0177578213690012,33,1,2.02461665975964,0,0,1,24.435,1,25.419
0.0177578213690012,34,1,2.0756734355574,0,0,1,25.048,1,26.037
0.0177578213690012,35,1,1.96991297140489,0,0,1,23.772,1,24.761
0.0177578213690012,36,1,2.06995441359304,0,0,1,24.976,1,25.971
0.0177578213690012,37,1,2.12797347699959,0,0,1,25.678,1,26.67
0.0177578213690012,38,1,2.03431413178616,0,0,1,24.553,1,25.534
0.0177578213690012,39,1,2.03257355988396,0,0,1,24.528,1,25.518
0.0177578213690012,40,1,2.03771239121426,0,0,1,24.589,1,25.581
0.0177578213690012,41,1,2.01458765022793,0,0,1,24.309,1,25.303
0.0177578213690012,42,1,2.05097389142147,0,0,1,24.751,1,25.738
0.0177578213690012,43,1,2.01276419394944,0,0,1,24.291,1,25.277
0.0177578213690012,44,1,2.00944881889764,0,0,1,24.249,1,25.239
0.0177578213690012,45,1,2.02884376295068,0,0,1,24.481,1,25.475
0.0177578213690012,46,1,2.10352258599254,0,0,1,25.383,1,26.374
0.0177578213690012,47,1,2.11462909241608,0,0,1,25.521,1,26.505
0.0177578213690012,48,1,1.99287194363862,0,0,1,24.046,1,25.042
0.0177578213690012,49,1,2.04326564442603,0,0,1,24.656,1,25.648
0.0177578213690012,50,1,2.0604227103191,0,0,1,24.863,1,25.854
0.0177578213690012,51,1,2.02295897223373,0,0,1,24.41,1,25.404
0.0177578213690012,52,1,1.994944053046,0,0,1,24.073,1,25.065
0.0177578213690012,53,1,2.00480729382511,0,0,1,24.19,1,25.186
0.0177578213690012,54,1,2.00066307501036,0,0,1,24.145,1,25.131
0.0177578213690012,55,1,2.04691255698301,0,0,1,24.702,1,25.69
0.0177578213690012,56,1,2.13427268959801,0,0,1,25.752,1,26.748
0.0177578213690012,57,1,1.98358889349358,0,0,1,23.935,1,24.929
0.0177578213690012,58,1,1.9849150435143,0,0,1,23.951,1,24.945
0.0177578213690012,59,1,2.02271031910485,0,0,1,24.409,1,25.399
0.0177578213690012,60,1,2.00099461251554,0,0,1,24.147,1,25.137
0.0177578213690012,61,1,2.00605055946954,0,0,1,24.211,1,25.195
0.0177578213690012,62,1,2.09026108578533,0,0,1,25.223,1,26.1411411411411
0.0177578213690012,63,1,2.02958972233734,0,0,1,24.491,1,25.483
0.0177578213690012,64,1,2.08263572316618,0,0,1,25.129,1,26.125
0.0177578213690012,65,1,2.082304185661,0,0,1,25.131,1,26.115
0.0177578213690012,66,1,2.03514297554911,0,0,1,24.557,1,25.551
0.0177578213690012,67,1,1.99510982179859,0,0,1,24.079,1,25.063
0.0177578213690012,68,1,2.01243265644426,0,0,1,24.284,1,25.276
0.0177578213690012,69,1,2.10401989225031,0,0,1,25.392,1,26.378
0.0177578213690012,70,1,2.04823870700373,0,0,1,24.72,1,25.704
0.0177578213690012,71,1,2.01831744716121,0,0,1,24.353,1,25.349
0.0177578213690012,72,1,1.96750932449233,0,0,1,23.742,1,24.733
0.0177578213690012,73,1,2.04575217571488,0,0,1,24.691,1,25.673
0.0177578213690012,74,1,2.0470783257356,0,0,1,24.702,1,25.694
0.0177578213690012,75,1,1.99146290924161,0,0,1,24.033,1,25.021
0.0177578213690012,76,1,2.00712805636138,0,0,1,24.219,1,25.213
0.0177578213690012,77,1,2.02925818483216,0,0,1,24.485,1,25.48
0.0177578213690012,78,1,2.05661002900953,0,0,1,24.822,1,25.804
0.0177578213690012,79,1,2.01723995026937,0,0,1,24.348,1,25.328
0.0177578213690012,80,1,1.99676750932449,0,0,1,24.097,1,25.084
0.0177578213690012,81,1,2.00273518441774,0,0,1,24.168,1,25.158
0.0177578213690012,82,1,2.11943638624119,0,0,1,25.577,1,26.565
0.0177578213690012,83,1,2.04658101947783,0,0,1,24.698,1,25.686
0.0177578213690012,84,1,1.97380853709076,0,0,1,23.818,1,24.81
0.0177578213690012,85,1,1.9932863655201,0,0,1,24.052,1,25.046
0.0177578213690012,86,1,2.05080812266888,0,0,1,24.749,1,25.737
0.0177578213690012,87,1,1.98043928719436,0,0,1,23.903,1,24.885
0.0177578213690012,88,1,2.07641939494405,0,0,1,25.054,1,26.049
0.0177578213690012,89,1,1.97786987152922,0,0,1,23.873,1,24.853
0.0177578213690012,90,1,2.0773311230833,0,0,1,25.064,1,26.062
0.0177578213690012,91,1,2.03754662246167,0,0,1,24.588,1,25.578
0.0177578213690012,92,1,1.97571487774554,0,0,1,23.846,1,24.828
0.0177578213690012,93,1,2.01549937836718,0,0,1,24.32,1,25.314
0.0177578213690012,94,1,1.99552424368007,0,0,1,24.079,1,25.072
0.0177578213690012,95,1,2.0521342726896,0,0,1,24.76,1,25.6836836836837
0.0177578213690012,96,1,1.99204309987567,0,0,1,24.041,1,25.027
0.0177578213690012,97,1,2.06572731040199,0,0,1,24.927,1,25.919
0.0177578213690012,98,1,1.97380853709076,0,0,1,23.824,1,24.804
0.0177578213690012,99,1,1.94073767094903,0,0,1,23.421,1,24.409
0.0177578213690012,100,1,2.0319104848736,0,0,1,24.517,1,25.513
0.0201833373201654,1,1,1.48213841690841,0,0,1,17.886,1,18.5409504550051
0.0201833373201654,2,1,1.50327393286366,0,0,1,18.143,1,18.8607467204844
0.0201833373201654,3,1,1.51462909241608,0,0,1,18.278,1,19.1576305220884
0.0201833373201654,4,1,1.49838375466225,0,0,1,18.084,1,18.8387096774194
0.0201833373201654,5,1,1.51562370493162,0,0,1,18.288,1,19.0252270433905
0.0201833373201654,6,1,1.56328222130128,0,0,1,18.864,1,19.3932926829268
0.0201833373201654,7,1,1.53750518027352,0,0,1,18.554,1,19.2355915065723
0.0201833373201654,8,1,1.50899295482801,0,0,1,18.212,1,19.0050352467271
0.0201833373201654,9,1,1.50990468296726,0,0,1,18.228,1,18.9616935483871
0.0201833373201654,10,1,1.51686697057605,0,0,1,18.307,1,19.0635080645161
0.0201833373201654,11,1,1.51562370493162,0,0,1,18.294,1,19.0755287009063
0.0201833373201654,12,1,1.54148363033568,0,0,1,18.603,1,19.3080808080808
0.0201833373201654,13,1,1.52880232076254,0,0,1,18.449,1,19.2356495468278
0.0201833373201654,14,1,1.60812266887692,0,0,1,19.405,1,20.103134479272
0.0201833373201654,15,1,1.50261085785329,0,0,1,18.139,1,18.8587285570131
0.0201833373201654,16,1,1.50551181102362,0,0,1,18.171,1,18.9496475327291
0.0201833373201654,17,1,1.53584749274762,0,0,1,18.535,1,19.168016194332
0.0201833373201654,18,1,1.53841690841276,0,0,1,18.565,1,19.2656565656566
0.0201833373201654,19,1,1.53418980522172,0,0,1,18.512,1,19.2542885973764
0.0201833373201654,20,1,1.53841690841276,0,0,1,18.564,1,19.2135627530364
0.0201833373201654,21,1,1.52789059262329,0,0,1,18.443,1,19.1574167507568
0.0201833373201654,22,1,1.51156237049316,0,0,1,18.246,1,18.9039433771486
0.0201833373201654,23,1,1.50136759220887,0,0,1,18.117,1,18.9748743718593
0.0201833373201654,24,1,1.50360547036884,0,0,1,18.144,1,18.7864372469636
0.0201833373201654,25,1,1.52217157065893,0,0,1,18.372,1,19.079797979798
0.0201833373201654,26,1,1.51313717364277,0,0,1,18.264,1,19.023185483871
0.0201833373201654,27,1,1.51106506423539,0,0,1,18.233,1,18.9525252525253
0.0201833373201654,28,1,1.52615002072109,0,0,1,18.417,1,19.2404426559356
0.0201833373201654,29,1,1.54297554910899,0,0,1,18.618,1,19.2360688956434
0.0201833373201654,30,1,1.51280563613759,0,0,1,18.253,1,19.0282258064516
0.0201833373201654,31,1,1.51794446746788,0,0,1,18.318,1,19.221664994985
0.0201833373201654,32,1,1.55607128056361,0,0,1,18.777,1,19.3279187817259
0.0201833373201654,33,1,1.52797347699959,0,0,1,18.44,1,19.2076612903226
0.0201833373201654,34,1,1.4638209697472,0,0,1,17.666,1,18.4471299093656
0.0201833373201654,35,1,1.46083713220058,0,0,1,17.636,1,18.4209466263847
0.0201833373201654,36,1,1.52125984251969,0,0,1,18.356,1,19.172032193159
0.0201833373201654,37,1,1.579776212184,0,0,1,19.067,1,19.737108190091
0.0201833373201654,38,1,1.5344384583506,0,0,1,18.516,1,19.3219315895372
0.0201833373201654,39,1,1.54413593037712,0,0,1,18.637,1,19.3572149344097
0.0201833373201654,40,1,1.5125569830087,0,0,1,18.254,1,19.1244979919679
0.0201833373201654,41,1,1.55060091172814,0,0,1,18.71,1,19.2910750507099
0.0201833373201654,42,1,1.56187318690427,0,0,1,18.849,1,19.5106167846309
0.0201833373201654,43,1,1.53568172399503,0,0,1,18.531,1,19.1791497975709
0.0201833373201654,44,1,1.5210111893908,0,0,1,18.359,1,19.1088709677419
0.0201833373201654,45,1,1.50882718607542,0,0,1,18.212,1,18.9637096774194
0.0201833373201654,46,1,1.51048487360133,0,0,1,18.227,1,19.0653266331658
0.0201833373201654,47,1,1.44309987567344,0,0,1,17.415,1,18.179435483871
0.0201833373201654,48,1,1.56999585578119,0,0,1,18.946,1,19.6730575176589
0.0201833373201654,49,1,1.55084956485702,0,0,1,18.717,1,19.4252525252525
0.0201833373201654,50,1,1.58052217157066,0,0,1,19.076,1,19.6879432624113
0.0201833373201654,51,1,1.47583920430999,0,0,1,17.81,1,18.5871097683786
0.0201833373201654,52,1,1.50600911728139,0,0,1,18.174,1,18.7730496453901
0.0201833373201654,53,1,1.53145462080398,0,0,1,18.484,1,19.2688821752266
0.0201833373201654,54,1,1.51305428926647,0,0,1,18.263,1,18.8611955420466
0.0201833373201654,55,1,1.5193535018649,0,0,1,18.332,1,19.0222222222222
0.0201833373201654,56,1,1.54604227103191,0,0,1,18.656,1,19.3884964682139
0.0201833373201654,57,1,1.50501450476585,0,0,1,18.162,1,18.8707070707071
0.0201833373201654,58,1,1.4756734355574,0,0,1,17.81,1,18.5287588294652
0.0201833373201654,59,1,1.54073767094903,0,0,1,18.592,1,19.3198789101917
0.0201833373201654,60,1,1.52797347699959,0,0,1,18.442,1,19.1945564516129
0.0201833373201654,61,1,1.47434728553668,0,0,1,17.795,1,18.5790533736153
0.0201833373201654,62,1,1.53261500207211,0,0,1,18.495,1,19.2300706357215
0.0201833373201654,63,1,1.54388727724824,0,0,1,18.629,1,19.0897043832824
0.0201833373201654,64,1,1.50145047658516,0,0,1,18.119,1,18.8800403225806
0.0201833373201654,65,1,1.4992125984252,0,0,1,18.091,1,18.7674418604651
0.0201833373201654,66,1,1.53874844591794,0,0,1,18.567,1,19.4291457286432
0.0201833373201654,67,1,1.55706589307915,0,0,1,18.79,1,19.4777777777778
0.0201833373201654,68,1,1.50899295482801,0,0,1,18.213,1,18.88675429727
0.0201833373201654,69,1,1.51305428926647,0,0,1,18.257,1,18.8642350557244
0.0201833373201654,70,1,1.50302527973477,0,0,1,18.14,1,18.9264853977845
0.0201833373201654,71,1,1.52963116452549,0,0,1,18.462,1,19.1233569261881
0.0201833373201654,72,1,1.51968503937008,0,0,1,18.343,1,19.1609657947686
0.0201833373201654,73,1,1.49515126398674,0,0,1,18.045,1,18.5178026449644
0.0201833373201654,74,1,1.54819726481558,0,0,1,18.683,1,19.2998986828774
0.0201833373201654,75,1,1.48437629506838,0,0,1,17.914,1,18.6693548387097
0.0201833373201654,76,1,1.50642353916287,0,0,1,18.179,1,18.9728096676737
0.0201833373201654,77,1,1.61036054703688,0,0,1,19.432,1,19.9684959349593
0.0201833373201654,78,1,1.52623290509739,0,0,1,18.419,1,19.1372351160444
0.0201833373201654,79,1,1.50808122668877,0,0,1,18.201,1,18.9243188698285
0.0201833373201654,80,1,1.52233733941152,0,0,1,18.373,1,19.0747474747475
0.0201833373201654,81,1,1.4891007045172,0,0,1,17.971,1,18.8293172690763
0.0201833373201654,82,1,1.55499378367178,0,0,1,18.766,1,19.3819655521783
0.0201833373201654,83,1,1.51147948611687,0,0,1,18.244,1,19.0040322580645
0.0201833373201654,84,1,1.47045171985081,0,0,1,17.751,1,18.4732593340061
0.0201833373201654,85,1,1.52921674264401,0,0,1,18.457,1,19.0294117647059
0.0201833373201654,86,1,1.5546622461666,0,0,1,18.763,1,19.4646464646465
0.0201833373201654,87,1,1.52847078325736,0,0,1,18.444,1,19.2356495468278
0.0201833373201654,88,1,1.46423539162868,0,0,1,17.671,1,18.369696969697
0.0201833373201654,89,1,1.51272275176129,0,0,1,18.254,1,18.8652482269504
0.0201833373201654,90,1,1.49821798590966,0,0,1,18.085,1,18.8499496475327
0.0201833373201654,91,1,1.51728139245752,0,0,1,18.314,1,18.9838220424671
0.0201833373201654,92,1,1.507583920431,0,0,1,18.197,1,18.8848484848485
0.0201833373201654,93,1,1.50899295482801,0,0,1,18.213,1,18.9677419354839
0.0201833373201654,94,1,1.4907583920431,0,0,1,17.988,1,18.7631048387097
0.0201833373201654,95,1,1.52813924575218,0,0,1,18.443,1,19.1895161290323
0.0201833373201654,96,1,1.5091587235806,0,0,1,18.214,1,18.9434914228052
0.0201833373201654,97,1,1.52358060505595,0,0,1,18.39,1,19.2012072434608
0.0201833373201654,98,1,1.45346042271032,0,0,1,17.54,1,18.2593340060545
0.0201833373201654,99,1,1.53932863655201,0,0,1,18.579,1,19.3534743202417
0.0201833373201654,100,1,1.502527973477,0,0,1,18.134,1,18.9919678714859
0.0226593437422446,1,1,1.24119353501865,0,0,1,14.98,1,15.1271008403361
0.0226593437422446,2,1,1.25304600082884,0,0,1,15.123,1,15.1879619852165
0.0226593437422446,3,1,1.19386655615417,0,0,1,14.412,1,14.6461377870564
0.0226593437422446,4,1,1.25735598839619,0,0,1,15.174,1,15.3340336134454
0.0226593437422446,5,1,1.26746788230419,0,0,1,15.296,1,15.4485294117647
0.0226593437422446,6,1,1.25022793203481,0,0,1,15.088,1,15.1596194503171
0.0226593437422446,7,1,1.25818483215914,0,0,1,15.184,1,15.4213836477987
0.0226593437422446,8,1,1.23133029423954,0,0,1,14.863,1,14.8718220338983
0.0226593437422446,9,1,1.29473684210526,0,0,1,15.631,1,15.6966173361522
0.0226593437422446,10,1,1.2571073352673,0,0,1,15.175,1,15.3707983193277
0.0226593437422446,11,1,1.24426025694157,0,0,1,15.018,1,15.1631578947368
0.0226593437422446,12,1,1.22776626605885,0,0,1,14.823,1,14.847295864263
0.0226593437422446,13,1,1.27492747617074,0,0,1,15.387,1,15.3020277481323
0.0226593437422446,14,1,1.23995026937422,0,0,1,14.962,1,15.1116965226554
0.0226593437422446,15,1,1.29631164525487,0,0,1,15.646,1,15.4208826695371
0.0226593437422446,16,1,1.27451305428927,0,0,1,15.381,1,15.4725158562368
0.0226593437422446,17,1,1.24840447575632,0,0,1,15.065,1,15.0952380952381
0.0226593437422446,18,1,1.25967675093245,0,0,1,15.207,1,15.3413865546218
0.0226593437422446,19,1,1.20290095317033,0,0,1,14.516,1,14.7492163009404
0.0226593437422446,20,1,1.26605884790717,0,0,1,15.282,1,15.2117021276596
0.0226593437422446,21,1,1.24658101947783,0,0,1,15.045,1,14.9380341880342
0.0226593437422446,22,1,1.26788230418566,0,0,1,15.3,1,15.1961620469083
0.0226593437422446,23,1,1.29158723580605,0,0,1,15.59,1,15.7502634351949
0.0226593437422446,24,1,1.25818483215914,0,0,1,15.185,1,15.2589852008457
0.0226593437422446,25,1,1.24890178201409,0,0,1,15.078,1,15.0689289501591
0.0226593437422446,26,1,1.24658101947783,0,0,1,15.044,1,15.3371607515658
0.0226593437422446,27,1,1.27335267302114,0,0,1,15.367,1,15.3492569002123
0.0226593437422446,28,1,1.26597596353087,0,0,1,15.28,1,15.041935483871
0.0226593437422446,29,1,1.24409448818898,0,0,1,15.021,1,14.8762006403415
0.0226593437422446,30,1,1.29473684210526,0,0,1,15.625,1,15.3264864864865
0.0226593437422446,31,1,1.28959801077497,0,0,1,15.568,1,15.4299465240642
0.0226593437422446,32,1,1.28512225445504,0,0,1,15.509,1,15.5534391534392
0.0226593437422446,33,1,1.22942395358475,0,0,1,14.84,1,14.8365180467091
0.0226593437422446,34,1,1.26033982594281,0,0,1,15.213,1,15.1425531914894
0.0226593437422446,35,1,1.26100290095317,0,0,1,15.223,1,15.1152614727855
0.0226593437422446,36,1,1.2605055946954,0,0,1,15.212,1,15.1817215727949
0.0226593437422446,37,1,1.25097389142147,0,0,1,15.098,1,15.1932418162619
0.0226593437422446,38,1,1.21234977206797,0,0,1,14.634,1,14.7762605042017
0.0226593437422446,39,1,1.27467882304186,0,0,1,15.385,1,15.4459745762712
0.0226593437422446,40,1,1.25420638209697,0,0,1,15.137,1,15.2494736842105
0.0226593437422446,41,1,1.26978864484045,0,0,1,15.325,1,15.3156216790648
0.0226593437422446,42,1,1.24426025694157,0,0,1,15.015,1,15.1747368421053
0.0226593437422446,43,1,1.29830087028595,0,0,1,15.668,1,15.7274655355249
0.0226593437422446,44,1,1.24724409448819,0,0,1,15.055,1,15.0244161358811
0.0226593437422446,45,1,1.27103191048487,0,0,1,15.339,1,15.1854233654877
0.0226593437422446,46,1,1.26249481972648,0,0,1,15.232,1,15.2515923566879
0.0226593437422446,47,1,1.24840447575632,0,0,1,15.065,1,15.1615628299894
0.0226593437422446,48,1,1.2638209697472,0,0,1,15.253,1,15.2640509013786
0.0226593437422446,49,1,1.26978864484045,0,0,1,15.327,1,15.5031512605042
0.0226593437422446,50,1,1.26108578532947,0,0,1,15.22,1,15.3568421052632
0.0226593437422446,51,1,1.24318276004973,0,0,1,15.001,1,15.1115789473684
0.0226593437422446,52,1,1.26970576046415,0,0,1,15.329,1,15.4409282700422
0.0226593437422446,53,1,1.27691670120182,0,0,1,15.41,1,15.6211962224554
0.0226593437422446,54,1,1.27476170741815,0,0,1,15.384,1,15.4847207586934
0.0226593437422446,55,1,1.24019892250311,0,0,1,14.971,1,14.9713983050847
0.0226593437422446,56,1,1.2420223787816,0,0,1,14.992,1,15.1409043112513
0.0226593437422446,57,1,1.29539991711562,0,0,1,15.634,1,15.3552915766739
0.0226593437422446,58,1,1.25006216328222,0,0,1,15.087,1,14.9882729211087
0.0226593437422446,59,1,1.28329879817654,0,0,1,15.49,1,15.1928879310345
0.0226593437422446,60,1,1.28934935764608,0,0,1,15.56,1,15.4229122055675
0.0226593437422446,61,1,1.24575217571488,0,0,1,15.041,1,15.1181434599156
0.0226593437422446,62,1,1.2705346042271,0,0,1,15.334,1,15.2083333333333
0.0226593437422446,63,1,1.24144218814753,0,0,1,14.98,1,15.284375
0.0226593437422446,64,1,1.23008702859511,0,0,1,14.844,1,14.807855626327
0.0226593437422446,65,1,1.27501036054704,0,0,1,15.386,1,15.406150583245
0.0226593437422446,66,1,1.26713634479901,0,0,1,15.292,1,15.3625792811839
0.0226593437422446,67,1,1.2807293825114,0,0,1,15.454,1,15.451647183847
0.0226593437422446,68,1,1.27492747617074,0,0,1,15.386,1,15.2328326180258
0.0226593437422446,69,1,1.27608785743887,0,0,1,15.399,1,15.5374077976818
0.0226593437422446,70,1,1.24301699129714,0,0,1,14.998,1,15.0572033898305
0.0226593437422446,71,1,1.25453791960215,0,0,1,15.142,1,15.0892667375133
0.0226593437422446,72,1,1.27418151678409,0,0,1,15.374,1,15.1603875134553
0.0226593437422446,73,1,1.27451305428927,0,0,1,15.385,1,15.4396186440678
0.0226593437422446,74,1,1.25743887277248,0,0,1,15.175,1,15.2336152219873
0.0226593437422446,75,1,1.26738499792789,0,0,1,15.295,1,15.0870032223416
0.0226593437422446,76,1,1.24484044757563,0,0,1,15.025,1,15.1065400843882
0.0226593437422446,77,1,1.24251968503937,0,0,1,14.992,1,14.9819915254237
0.0226593437422446,78,1,1.24069622876088,0,0,1,14.972,1,15.1106427818757
0.0226593437422446,79,1,1.28039784500622,0,0,1,15.451,1,15.4404255319149
0.0226593437422446,80,1,1.26481558226274,0,0,1,15.27,1,15.1855010660981
0.0226593437422446,81,1,1.28553667633651,0,0,1,15.512,1,15.4149732620321
0.0226593437422446,82,1,1.27036883547451,0,0,1,15.332,1,15.2622601279318
0.0226593437422446,83,1,1.24807293825114,0,0,1,15.066,1,15.2465897166842
0.0226593437422446,84,1,1.26489846663904,0,0,1,15.271,1,15.2845010615711
0.0226593437422446,85,1,1.24956485702445,0,0,1,15.08,1,15.1341077085533
0.0226593437422446,86,1,1.26150020721094,0,0,1,15.223,1,15.3435194942044
0.0226593437422446,87,1,1.26017405719022,0,0,1,15.205,1,15.0885805763074
0.0226593437422446,88,1,1.25959386655615,0,0,1,15.205,1,15.0885805763074
0.0226593437422446,89,1,1.24832159138002,0,0,1,15.065,1,14.8668098818475
0.0226593437422446,90,1,1.31570658930792,0,0,1,15.875,1,15.8
0.0226593437422446,91,1,1.27600497306258,0,0,1,15.397,1,15.5515789473684
0.0226593437422446,92,1,1.2470783257356,0,0,1,15.047,1,15.0455991516437
0.0226593437422446,93,1,1.25288023207625,0,0,1,15.118,1,15.2391991570074
0.0226593437422446,94,1,1.26862826357232,0,0,1,15.315,1,15.3163481953291
0.0226593437422446,95,1,1.25221715706589,0,0,1,15.111,1,15.0744680851064
0.0226593437422446,96,1,1.2301699129714,0,0,1,14.847,1,14.9441517386723
0.0226593437422446,97,1,1.28694571073353,0,0,1,15.53,1,15.6126984126984
0.0226593437422446,98,1,1.2857853294654,0,0,1,15.517,1,15.3914438502674
0.0226593437422446,99,1,1.25569830087029,0,0,1,15.154,1,15.2
0.0226593437422446,100,1,1.27691670120182,0,0,1,15.412,1,15.5547368421053
