g,dB,WWseedDensity,RWseedDensity,RRseedDensity,WWplantDensity,RWplantDensity,RRplantDensity
0.01,0.0113131313131313,56698.537483866,0.0237485369432596,0.0514284239577923,169.812618059101,7.21345855336298e-05,0.000155585723443057
0.011,0.0124570273003033,56318.7987516013,0.0230705688556756,0.0502640384553205,172.466466910019,7.15547132216649e-05,0.000155353621253676
0.012,0.0136032388663968,55932.2144761755,0.0224503583438739,0.0491801844619079,174.82153858226,7.09931652497159e-05,0.000155039640043946
0.013,0.0147517730496454,55540.1974479321,0.0218787574296848,0.0481654002098503,176.924959830251,7.04496433171589e-05,0.00015466468458259
0.014,0.0159026369168357,55143.9061669226,0.0213486006205457,0.0472105356153989,178.814467671986,6.99239187741374e-05,0.000154244640760407
0.015,0.0170558375634518,54744.3025798534,0.0208541731368698,0.0463081643139819,180.52063413,6.94156834418762e-05,0.000153791624769895
0.016,0.0182113821138211,54342.194073814,0.0203908465122602,0.0454521735732752,182.068487289091,6.89245161325147e-05,0.000153314909851905
0.017,0.0193692777212614,53938.2646481934,0.0199548219734589,0.0446374706366125,183.478711551626,6.84498932643854e-05,0.000152821614084237
0.018,0.0205295315682281,53533.0984741995,0.0195429453951561,0.043859767592274,184.76854924107,6.79912132737906e-05,0.000152317212699022
0.019,0.0216921508664628,53127.1979888904,0.0191525710820491,0.043115420607722,185.952486779713,6.75478224244183e-05,0.000151805921714587
0.02,0.0228571428571429,52720.9979927535,0.0187814596570633,0.0424013076773566,187.042783171075,6.71190374190377e-05,0.000151290986934215
0.021,0.0240245148110317,52314.876776632,0.0184277002766088,0.0417147342148935,188.049881488471,6.67041635687113e-05,0.000150774903016447
0.022,0.0251942740286299,51909.1650074923,0.0180896505237294,0.0410533591443655,188.982732493839,6.63025086403529e-05,0.000150259580567494
0.023,0.0263664278403275,51504.1529004717,0.0177658893630904,0.0404151363276975,189.849051511603,6.59133929878828e-05,0.000149746474352325
0.024,0.0275409836065574,51100.0960643288,0.0174551798926755,0.0397982676344882,190.655524072787,6.55361566759671e-05,0.000149236682232002
0.025,0.0287179487179487,50697.2203083699,0.0171564395432875,0.0392011649659973,191.407971856847,6.51701642559081e-05,0.000148731021918967
0.026,0.0298973305954825,50295.7256279336,0.0168687160099934,0.0386224192480663,192.111487587912,6.48148077528188e-05,0.000148230090818863
0.027,0.0310791366906475,49895.7895339265,0.016591167644506,0.0380607749066312,192.77054545122,6.44695083158511e-05,0.000147734312898747
0.028,0.0322633744855967,49497.5698539347,0.0163230473549446,0.0375151086991072,193.389092055941,6.41337168863372e-05,0.000147243975546932
0.029,0.0334500514933059,49101.207104153,0.0160636892891946,0.036984412037778,193.970621825463,6.38069141575344e-05,0.000146759258670292
0.03,0.034639175257732,48706.8265100796,0.0158124977465594,0.0364677761358924,194.51823983636,6.34886100343477e-05,0.000146280257740284
0.031,0.0358307533539732,48314.5397377271,0.0155689378874292,0.0359643794529099,195.034714475846,6.31783427500871e-05,0.000145807002099234
0.032,0.0370247933884298,47924.446384658,0.0153325279045006,0.0354734770256844,195.522521789946,6.28756777575859e-05,0.00014533946953767
0.033,0.0382213029989659,47536.6352705175,0.015102832390199,0.0349943913567742,195.98388301145,6.25802064815733e-05,0.000144877597925794
0.034,0.0394202898550725,47151.1855592045,0.0148794566893832,0.0345265045962162,196.420796459589,6.22915449960278e-05,0.000144421294508858
0.035,0.0406217616580311,46768.1677388948,0.014662042068441,0.0340692518038394,196.835064771256,6.200933267272e-05,0.000143970443343445
0.036,0.0418257261410788,46387.6444814282,0.0144502615646025,0.0336221151190232,197.228318241112,6.17332308339541e-05,0.000143524911249542
0.037,0.0430321910695742,46009.6713988153,0.0142438164049732,0.0331846186963077,197.602034903514,6.14629214326227e-05,0.000143084552574201
0.038,0.0442411642411642,45634.2977116037,0.0140424329050831,0.0327563242903608,197.95755787433,6.11981057753059e-05,0.000142649213001169
0.039,0.0454526534859521,45261.5668413982,0.0138458597728887,0.0323368273939321,198.296110378685,6.0938503298662e-05,0.00014221873259287
0.04,0.0466666666666667,44891.5169378497,0.0136538657571018,0.0319257538486626,198.618808816705,6.06838504053189e-05,0.000141792948213471
0.041,0.0478832116788321,44524.1813487957,0.0134662375891352,0.0315227568617973,198.926674159431,6.0433899362515e-05,0.000141371695452092
0.042,0.0491022964509395,44159.589040907,0.0132827781763978,0.0311275143726103,199.220641918448,6.01884172646049e-05,0.000140954810141812
0.043,0.0503239289446186,43797.764977086,0.0131033050115506,0.0307397267211716,199.50157089302,5.99471850590203e-05,0.000140542129551442
0.044,0.0515481171548117,43438.7304559485,0.012927648767968,0.0303591145793655,199.770250865934,5.97099966342133e-05,0.000140133493312249
0.045,0.0527748691099477,43082.5034179549,0.0127556520562811,0.0299854171100977,200.027409392433,5.94766579673934e-05,0.00013972874412994
0.046,0.0540041928721174,42729.098722117,0.012587168320713,0.02961839032564,200.273717804371,5.92469863294036e-05,0.000139327728322709
0.047,0.0552360965372508,42378.5283966689,0.0124220608570942,0.0292578056202568,200.509796533347,5.90208095438042e-05,0.000138930296218491
0.048,0.0564705882352941,42030.8018666343,0.0122602019371011,0.0289034484557684,200.736219841142,5.87979652970984e-05,0.000138536302438419
0.049,0.0577076761303891,41685.9261608365,0.0121014720254754,0.028555117181668,200.953520032998,5.85783004969917e-05,0.000138145606088471
0.05,0.0589473684210526,41343.9061005726,0.0119457590788513,0.028212621973912,201.162191218419,5.83616706756112e-05,0.000137758070877264
0.051,0.0601896733403583,41004.7444718895,0.0117929579163867,0.0278757838786214,201.362692675164,5.81479394346904e-05,0.000137373565174643
0.052,0.0614345991561181,40668.4421831622,0.0116429696537265,0.0275444339487421,201.555451864348,5.79369779298415e-05,0.000136991962023072
0.053,0.0626821541710665,40334.9984094674,0.011495701192954,0.0272184124632483,201.740867138137,5.77286643911701e-05,0.000136613139111609
0.054,0.0639323467230444,40004.4107250697,0.0113510647621502,0.0268975682197958,201.919310175918,5.75228836776366e-05,0.000136236978720488
0.055,0.0651851851851852,39676.6752251802,0.0112089774989997,0.0265817578928628,202.091128180192,5.73195268627206e-05,0.000135863367642864
0.056,0.0664406779661017,39351.7866380207,0.0110693610735881,0.0262708454503927,202.256645859323,5.71184908491e-05,0.000135492197089066
0.057,0.0676988335100742,39029.7384281028,0.0109321413461393,0.025964701622795,202.416167220898,5.69196780102081e-05,0.000135123362577735
0.058,0.0689596602972399,38710.5228915388,0.0107972480559614,0.0256632034188884,202.569977196433,5.6722995856679e-05,0.000134756763817407
0.059,0.0702231668437832,38394.131244106,0.0106646145383207,0.0253662336840054,202.718343115627,5.65283567258347e-05,0.000134392304581425
0.06,0.0714893617021277,38080.5537027138,0.010534177466353,0.0250736806960248,202.861516046159,5.63356774925008e-05,0.000134029892578545
0.061,0.0727582534611289,37769.7795608523,0.0104058766154569,0.0247854377955806,202.999732013094,5.61448792995651e-05,0.000133669439321106
0.062,0.0740298507462687,37461.7972585426,0.0102796546479125,0.0245014030471132,203.133213110323,5.5955887306812e-05,0.000133310859992316
0.063,0.0753041622198506,37156.5944472564,0.0101554569157191,0.0242214789277971,203.262168515019,5.57686304566777e-05,0.000132954073313834
0.064,0.0765811965811966,36854.1580502256,0.0100332312798757,0.0239455720417005,203.386795414817,5.55830412556762e-05,0.000132599001414649
0.065,0.0778609625668449,36554.4743185213,0.00991292794451961,0.0236735928568152,203.507279856362,5.5399055570339e-05,0.000132245569701984
0.066,0.0791434689507495,36257.5288832456,0.00979449930451255,0.0234054554628446,203.623797522862,5.52166124366038e-05,0.00013189370673482
0.067,0.0804287245444802,35963.3068041465,0.00967789980521478,0.0231410773478589,203.7365144475,5.503565388167e-05,0.000131543344100485
0.068,0.0817167381974249,35671.7926149368,0.00956308581332048,0.0228803791921176,203.845587668761,5.48561247574129e-05,0.000131194416294636
0.069,0.0830075187969925,35382.9703655737,0.00945001549774562,0.022623284677537,203.951165833131,5.46779725845208e-05,0.000130846860604862
0.07,0.0843010752688172,35096.8236617301,0.00933864871966292,0.0223697203114277,204.053389750012,5.45011474065832e-05,0.000130500616998082
0.071,0.0855974165769645,34813.335701671,0.00922894693087116,0.0221196152632661,204.152392903218,5.43256016534188e-05,0.000130155628011814
0.072,0.0868965517241379,34532.4893107254,0.00912087307976699,0.0218729012133851,204.248301922961,5.4151290012985e-05,0.000129811838649372
0.073,0.0881984897518878,34254.2669735335,0.0090143915242604,0.0216295122125738,204.34123702182,5.39781693112649e-05,0.000129469196278996
0.074,0.0895032397408207,33978.6508642262,0.00890946795103916,0.0213893845516766,204.431312397888,5.38061983995692e-05,0.000129127650536884
0.075,0.0908108108108108,33705.622874689,0.00880606930064535,0.0211524566403624,204.5186366079,5.36353380487376e-05,0.000128787153234065
0.076,0.0921212121212121,33435.1646410413,0.00870416369787785,0.0209186688943182,204.603312912948,5.34655508497625e-05,0.000128447658267054
0.077,0.0934344528710726,33167.2575684588,0.00860372038708133,0.0206879636301842,204.68543959908,5.32968011203911e-05,0.000128109121532194
0.078,0.0947505422993492,32901.8828544507,0.00850470967192217,0.0204602849676138,204.765110274891,5.31290548173003e-05,0.000127771500843579
0.079,0.0960694896851249,32639.0215106987,0.00840710285928985,0.020235578737894,204.842414148008,5.29622794534641e-05,0.000127434755854454
0.08,0.0973913043478261,32378.6543835528,0.00831087220699418,0.0200137923986167,204.917436282185,5.27964440203668e-05,0.000127098847981982
0.081,0.0987159956474429,32120.7621732742,0.00821599087495903,0.0197948749539298,204.990257836581,5.26315189147354e-05,0.00012676374033525
0.082,0.100043572984749,31865.3254521077,0.00812243287963986,0.0195787768799442,205.060956288643,5.24674758694933e-05,0.000126429397646401
0.083,0.101374045801527,31612.3246812587,0.00803017305141611,0.0193654500549058,205.129605641875,5.2304287888657e-05,0.000126095786204768
0.084,0.102707423580786,31361.7402268466,0.00793918699473157,0.0191548476937748,205.196276619693,5.21419291859181e-05,0.000125762873793892
0.085,0.104043715846995,31113.5523748986,0.00784945105077502,0.0189469242868883,205.261036846426,5.19803751266709e-05,0.000125430629631298
0.086,0.105382932166302,30867.741345445,0.00776094226251159,0.0187416355424037,205.323951016441,5.1819602173266e-05,0.000125099024310923
0.087,0.106725082146769,30624.2873057717,0.0076736383418908,0.018538938332251,205.385081052306,5.165958783328e-05,0.000124768029748071
0.088,0.108070175438596,30383.170382882,0.00758751763907239,0.0183387906413407,205.444486252794,5.15003106106149e-05,0.000124437619126789
0.089,0.109418221734358,30144.3706752162,0.00750255911352344,0.0181411515197954,205.502223431486,5.13417499592445e-05,0.00012410776684956
0.09,0.110769230769231,29907.8682636742,0.00741874230685305,0.0179459810379934,205.558347046662,5.11838862394465e-05,0.000123778448489193
0.091,0.112123212321232,29673.6432219816,0.00733604731726114,0.0177532402442262,205.612909323109,5.10267006763631e-05,0.000123449640742829
0.092,0.113480176211454,29441.6756264402,0.00725445477548795,0.0175628911247916,205.665960366423,5.0870175320749e-05,0.000123121321387955
0.093,0.1148401323043,29211.9455650982,0.00717394582216009,0.0173748965663535,205.71754827035,5.07142930117723e-05,0.000122793469240326
0.094,0.116203090507726,28984.433146374,0.00709450208643691,0.0171892203204166,205.767719217633,5.05590373417444e-05,0.000122466064113724
0.095,0.117569060773481,28759.1185071654,0.00701610566586844,0.0170058269697731,205.81651757484,5.04043926226627e-05,0.00012213908678145
0.096,0.118938053097345,28535.981820474,0.00693873910738327,0.0168246818967898,205.863985981577,5.02503438544585e-05,0.000121812518939481
0.097,0.12031007751938,28315.0033025723,0.00686238538933078,0.016645751253416,205.910165434461,5.00968766948478e-05,0.0001214863431712
0.098,0.121685144124168,28096.1632197393,0.00678702790450775,0.0164690019327981,205.955095366231,4.99439774306934e-05,0.000121160542913637
0.099,0.123063263041065,27879.4418945892,0.00671265044410506,0.0162944015423979,205.998813720294,4.97916329507869e-05,0.000120835102425141
0.1,0.124444444444444,27664.8197120154,0.0066392371825144,0.0161219183785182,206.04135702103,4.96398307199714e-05,0.000120510006754421
0.101,0.125828698553949,27452.2771247711,0.00656677266293987,0.015951521402146,206.082760440125,4.94885587545266e-05,0.000120185241710882
0.102,0.127216035634744,27241.7946587079,0.00649524178376294,0.0157831802160306,206.123057859195,4.93378055987442e-05,0.000119860793836207
0.103,0.12860646599777,27033.3529176888,0.00642462978561331,0.0156168650429196,206.162281928933,4.91875603026261e-05,0.000119536650377113
0.104,0.13,26826.9325881948,0.0063549222391015,0.015452546704881,206.200464125016,4.90378124006447e-05,0.000119212799259237
0.105,0.131396648044693,26622.5144436415,0.00628610503317187,0.0152901966036455,206.237634800953,4.88885518915024e-05,0.000118889229062089
0.106,0.132796420581655,26420.0793484214,0.00621816436403835,0.0151297867019056,206.273823238098,4.87397692188385e-05,0.000118565928995027
0.107,0.134199328107503,26219.6082616849,0.00615108672466692,0.0149712895055163,206.309057692976,4.85914552528294e-05,0.000118242888874204
0.108,0.135605381165919,26021.082240877,0.00608485889477223,0.0148146780465406,206.343365442102,4.84436012726345e-05,0.000117920099100444
0.109,0.137014590347924,25824.4824450392,0.00601946793129731,0.0146599258670929,206.376772824447,4.8296198949642e-05,0.000117597550637995
0.11,0.138426966292135,25629.7901378912,0.00595490115934794,0.014507007003931,206.409305281684,4.81492403314715e-05,0.000117275234994134
0.111,0.139842519685039,25436.9866907033,0.00589114616355479,0.0143558959737548,206.440987396362,4.8002717826693e-05,0.000116953144199564
0.112,0.141261261261261,25246.05358497,0.00582819077983849,0.0142065677591706,206.47184292812,4.78566241902256e-05,0.000116631270789586
0.113,0.142683201803833,25056.9724148954,0.00576602308755439,0.0140589977952821,206.501894848057,4.77109525093782e-05,0.000116309607785992
0.114,0.14410835214447,24869.7248897005,0.00570463140199524,0.0139131619568743,206.531165371376,4.75656961905016e-05,0.000115988148679661
0.115,0.145536723163842,24684.2928357604,0.0056440042672314,0.0137690365461551,206.559675988397,4.74208489462178e-05,0.000115666887413821
0.116,0.146968325791855,24500.6581985815,0.00558413044926987,0.0136265982810256,206.587447494023,4.7276404783199e-05,0.000115345818367938
0.117,0.148403171007928,24318.8030446258,0.00552499892951392,0.0134858242838483,206.614500015769,4.71323579904669e-05,0.000115024936342215
0.118,0.14984126984127,24138.7095629911,0.00546659889850728,0.0133466920706862,206.640853040418,4.69887031281873e-05,0.00011470423654267
0.119,0.151282633371169,23960.3600669526,0.00540891974994666,0.0132091795409885,206.666525439387,4.68454350169347e-05,0.000114383714566766
0.12,0.152727272727273,23783.7369953756,0.0053519510749486,0.0130732649676974,206.691535492877,4.6702548727403e-05,0.000114063366389561
0.121,0.154175199089875,23608.8229140029,0.00529568265655658,0.0129389269877544,206.715900912874,4.65600395705417e-05,0.000113743188350377
0.122,0.155626423690205,23435.6005166255,0.00524010446447574,0.0128061445929848,206.739638865058,4.64179030880959e-05,0.000113423177139934
0.123,0.157080957810718,23264.0526261408,0.00518520665002308,0.0126748971213405,206.762765989696,4.62761350435302e-05,0.000113103329787957
0.124,0.158538812785388,23094.162195506,0.00513097954128188,0.0125451642484826,206.78529842155,4.61347314133194e-05,0.000112783643651216
0.125,0.16,22925.9123085887,0.00507741363844974,0.0124169259796863,206.807251808875,4.59936883785872e-05,0.000112464116401991
0.126,0.161464530892448,22759.2861809235,0.00502449960937017,0.0122901626420517,206.828641331546,4.58530023170772e-05,0.00011214474601694
0.127,0.162932416953036,22594.2671603766,0.00497222828523842,0.0121648548770049,206.849481718357,4.57126697954402e-05,0.000111825530766346
0.128,0.164403669724771,22430.8387277243,0.0049205906564727,0.0120409836330748,206.869787263545,4.55726875618232e-05,0.000111506469203746
0.129,0.165878300803674,22268.9844971492,0.00486957786874247,0.0119185301589324,206.88957184257,4.54330525387467e-05,0.000111187560155902
0.13,0.16735632183908,22108.6882166586,0.004819181219146,0.0117974759966791,206.908848927199,4.52937618162561e-05,0.000110868802713116
0.131,0.168837744533947,21949.9337684282,0.00476939215252977,0.0116778029753717,206.927631599918,4.51548126453355e-05,0.000110550196219869
0.132,0.170322580645161,21792.7051690763,0.00472020225794285,0.0115594932047733,206.945932567722,4.50162024315724e-05,0.000110231740265771
0.133,0.171810841983852,21636.9865698698,0.00467160326521965,0.0114425290693194,206.9637641753,4.48779287290603e-05,0.000109913434676811
0.134,0.173302540415704,21482.7622568681,0.0046235870416849,0.0113268932222877,206.98113841765,4.47399892345318e-05,0.000109595279506886
0.135,0.174797687861272,21330.016651005,0.00457614558897493,0.0112125685801629,206.998066952164,4.46023817817082e-05,0.000109277275029618
0.136,0.176296296296296,21178.7343081149,0.00452927103996997,0.0110995383171885,207.014561110188,4.446510433586e-05,0.000108959421730419
0.137,0.177798377752028,21028.8999189032,0.00448295565583203,0.0109877858600939,207.030631908103,4.43281549885663e-05,0.000108641720298824
0.138,0.179303944315545,20880.4983088655,0.00443719182314359,0.0108772948829925,207.046290057938,4.41915319526659e-05,0.000108324171621054
0.139,0.180813008130081,20733.5144381581,0.00439197205114244,0.0107680493024398,207.061545977543,4.40552335573925e-05,0.000108006776772819
0.14,0.182325581395349,20587.9334014211,0.00434728896904823,0.0106600332726464,207.076409800347,4.3919258243684e-05,0.000107689537012349
0.141,0.18384167636787,20443.7404275579,0.00430313532347668,0.0105532311808383,207.090891384705,4.3783604559662e-05,0.000107372453773629
0.142,0.185361305361305,20300.9208794728,0.00425950397593742,0.0104476276427576,207.105000322881,4.3648271156271e-05,0.000107055528659857
0.143,0.186884480746791,20159.4602537679,0.00421638790041183,0.010343207498298,207.118745949657,4.35132567830732e-05,0.000106738763437088
0.144,0.188411214953271,20019.3441804038,0.00417378018100723,0.0102399558072694,207.132137350598,4.33785602841919e-05,0.000106422160028078
0.145,0.189941520467836,19880.5584223229,0.00413167400968432,0.0101378578452854,207.145183369996,4.32441805943965e-05,0.000106105720506308
0.146,0.191475409836066,19743.0888750401,0.00409006268405443,0.010036899099769,207.157892618495,4.31101167353254e-05,0.000105789447090194
0.147,0.193012895662368,19606.9215662009,0.00404893960524375,0.00993706526607147,207.170273480414,4.29763678118392e-05,0.000105473342137458
0.148,0.194553990610329,19472.0426551089,0.00400829827582175,0.00983834224369918,207.182334120794,4.2842933008501e-05,0.000105157408139675
0.149,0.196098707403055,19338.438432225,0.00396813229779091,0.00974071613264497,207.194082492169,4.27098115861775e-05,0.000104841647716971
0.15,0.197647058823529,19206.0953186392,0.00392843537063531,0.00964417322981868,207.20552634107,4.25770028787568e-05,0.000104526063612881
0.151,0.199199057714959,19074.9998655165,0.00388920128942573,0.00954870002557349,207.216673214296,4.24445062899785e-05,0.000104210658689351
0.152,0.200754716981132,18945.138753519,0.00385042394297878,0.00945428320032403,207.227530464938,4.23123212903717e-05,0.000103895435921889
0.153,0.202314049586777,18816.4987922047,0.00381209731206797,0.0093609096212527,207.238105258179,4.21804474142971e-05,0.000103580398394847
0.154,0.20387706855792,18689.0669194046,0.00377421546768468,0.00926856633910062,207.248404576879,4.20488842570883e-05,0.000103265549296845
0.155,0.205443786982248,18562.83020058,0.00373677256934687,0.00917724058504009,207.258435226957,4.1917631472291e-05,0.000102950891916315
0.156,0.207014218009479,18437.7758281596,0.00369976286345392,0.00908691976762528,207.268203842565,4.17866887689931e-05,0.00010263642963718
0.157,0.20858837485172,18313.8911208596,0.00366318068168552,0.00899759146981831,207.277716891092,4.16560559092458e-05,0.000102322165934646
0.158,0.210166270783848,18191.1635229861,0.00362702043944313,0.00890924344608776,207.286980677966,4.15257327055704e-05,0.000102008104371117
0.159,0.211747919143876,18069.5806037218,0.00359127663433224,0.00882186361957704,207.2960013513,4.13957190185482e-05,0.000101694248592215
0.16,0.213333333333333,17949.1300563974,0.00355594384468393,0.00873544007933991,207.304784906366,4.12660147544907e-05,0.000101380602322919
0.161,0.21492252681764,17829.79969775,0.00352101672811436,0.00864996107764091,207.313337189908,4.11366198631875e-05,0.000101067169363804
0.162,0.216515513126492,17711.5774671667,0.00348649002012054,0.00856541502731813,207.321663904314,4.10075343357285e-05,0.000100753953587386
0.163,0.218112305854241,17594.4514259176,0.00345235853271133,0.00848179049920629,207.329770611632,4.0878758202399e-05,0.000100440958934564
0.164,0.219712918660287,17478.4097563763,0.00341861715307218,0.0083990762196179,207.33766273745,4.0750291530644e-05,0.000100128189411161
0.165,0.221317365269461,17363.4407612303,0.00338526084226249,0.00831726106788051,207.345345574649,4.06221344231e-05,9.98156490845557e-05
0.166,0.222925659472422,17249.5328626812,0.00335228463394437,0.00823633407392817,207.352824287021,4.04942870156921e-05,9.95033420804117e-05
0.167,0.22453781512605,17136.6746016359,0.0033196836331418,0.00815628441594516,207.360103912769,4.03667494757941e-05,9.91912725794865e-05
0.168,0.226153846153846,17024.8546368894,0.00328745301502898,0.00807710141806032,207.367189367887,4.02395220004492e-05,9.88794448145324e-05
0.169,0.22777376654633,16914.0617442996,0.00325558802374702,0.00799877454809029,207.374085449431,4.01126048146505e-05,9.85678630672785e-05
0.17,0.229397590361446,16804.2848159552,0.00322408397124779,0.00792129341532993,207.380796838678,3.99859981696771e-05,9.82565316654937e-05
0.171,0.23102533172497,16695.5128593366,0.00319293623616428,0.0078446477683886,207.387328104184,3.98597023414867e-05,9.79454549801289e-05
0.172,0.232657004830918,16587.7349964716,0.00316214026270636,0.00776882749307067,207.393683704744,3.97337176291611e-05,9.76346374225353e-05
0.173,0.234292623941959,16480.9404630846,0.00313169155958118,0.00769382261029891,207.399867992253,3.96080443534037e-05,9.73240834417573e-05
0.174,0.235932203389831,16375.1186077418,0.00310158569893742,0.00761962327407942,207.405885214476,3.94826828550863e-05,9.70137975218978e-05
0.175,0.237575757575758,16270.2588909916,0.0030718183153326,0.0075462197695068,207.411739517735,3.93576334938461e-05,9.67037841795546e-05
0.176,0.239223300970874,16166.3508845015,0.00304238510472268,0.00747360251080836,207.417434949505,3.92328966467281e-05,9.63940479613239e-05
0.177,0.240874848116646,16063.3842701905,0.0030132818234733,0.00740176203942618,207.42297546093,3.91084727068739e-05,9.60845934413722e-05
0.178,0.242530413625304,15961.3488393602,0.00298450428739191,0.00733068902213581,207.428364909267,3.89843620822554e-05,9.57754252190729e-05
0.179,0.244190012180268,15860.2344918218,0.00295604837078024,0.00726037424920072,207.433607060244,3.88605651944497e-05,9.54665479167057e-05
0.18,0.245853658536585,15760.0312350215,0.00292791000550632,0.00719080863256128,207.438705590358,3.87370824774574e-05,9.51579661772184e-05
0.181,0.247521367521368,15660.7291831646,0.00290008518009569,0.00712198320405735,207.443664089094,3.86139143765604e-05,9.48496846620498e-05
0.182,0.24919315403423,15562.3185563375,0.00287256993884095,0.00705388911368349,207.44848606108,3.84910613472187e-05,9.45417080490093e-05
0.183,0.250869033047736,15464.7896796291,0.0028453603809294,0.00698651762787601,207.453174928181,3.83685238540059e-05,9.42340410302161e-05
0.184,0.252549019607843,15368.132982251,0.00281845265958795,0.00691986012783075,207.457734031529,3.82463023695811e-05,9.39266883100934e-05
0.185,0.254233128834356,15272.3389966582,0.00279184298124496,0.00685390810785096,207.462166633489,3.81243973736969e-05,9.36196546034167e-05
0.186,0.255921375921376,15177.3983576688,0.00276552760470858,0.00678865317372436,207.466475919575,3.8002809352242e-05,9.33129446334168e-05
0.187,0.257613776137761,15083.3018015844,0.00273950284036092,0.00672408704112864,207.470665000305,3.78815387963182e-05,9.30065631299338e-05
0.188,0.259310344827586,14990.0401653112,0.00271376504936778,0.00666020153406458,207.474736913008,3.77605862013489e-05,9.27005148276224e-05
0.189,0.261011097410604,14897.6043854816,0.00268831064290345,0.00659698858331627,207.478694623572,3.76399520662213e-05,9.23948044642072e-05
0.19,0.262716049382716,14805.9854975767,0.0026631360813901,0.00653444022493743,207.482541028153,3.75196368924582e-05,9.20894367787856e-05
0.191,0.26442521631644,14715.1746350506,0.00263823787375149,0.00647254859876348,207.486278954824,3.73996411834203e-05,9.17844165101793e-05
0.192,0.266138613861386,14625.1630284559,0.00261361257668051,0.00641130594694846,207.48991116519,3.72799654435383e-05,9.14797483953319e-05
0.193,0.267856257744734,14535.9420045708,0.00258925679392023,0.00635070461252639,207.49344035595,3.71606101775724e-05,9.11754371677508e-05
0.194,0.269578163771712,14447.5029855289,0.0025651671755581,0.00629073703799638,207.49686916042,3.70415758899009e-05,9.08714875559959e-05
0.195,0.271304347826087,14359.8374879501,0.00254134041733289,0.00623139576393083,207.500200150013,3.69228630838341e-05,9.0567904282208e-05
0.196,0.273034825870647,14272.937122075,0.00251777325995423,0.00617267342760642,207.503435835682,3.68044722609554e-05,9.02646920606839e-05
0.197,0.274769613947696,14186.7935909011,0.00249446248843412,0.00611456276165702,207.50657866932,3.66864039204875e-05,8.9961855596489e-05
0.198,0.276508728179551,14101.3986893221,0.00247140493143051,0.00605705659274842,207.509631045127,3.65686585586836e-05,8.96593995841141e-05
0.199,0.278252184769039,14016.74430327,0.00244859746060218,0.00600014784027389,207.512595300939,3.64512366682417e-05,8.93573287061684e-05
0.2,0.28,13932.8224088603,0.00242603698997512,0.00594382951507063,207.51547371952,3.63341387377434e-05,8.90556476321147e-05
0.201,0.281752190237797,13849.6250715404,0.00240372047531972,0.00588809471815616,207.518268529829,3.6217365251115e-05,8.87543610170403e-05
0.202,0.283508771929825,13767.1444452416,0.00238164491353882,0.00583293663948462,207.520981908242,3.61009166871102e-05,8.8453473500466e-05
0.203,0.285269761606023,13685.3727715344,0.00235980734206615,0.00577834855672218,207.523615979751,3.59847935188151e-05,8.81529897051919e-05
0.204,0.287035175879397,13604.3023787875,0.00233820483827502,0.0057243238340415,207.526172819134,3.58689962131737e-05,8.78529142361788e-05
0.205,0.288805031446541,13523.9256813305,0.00231683451889697,0.00567085592093446,207.528654452087,3.57535252305333e-05,8.75532516794628e-05
0.206,0.290579345088161,13444.2351786209,0.00229569353945027,0.00561793835104326,207.531062856339,3.5638381024211e-05,8.7254006601108e-05
0.207,0.292358133669609,13365.2234544143,0.0022747790936778,0.00556556474100892,207.533399962728,3.55235640400778e-05,8.69551835461883e-05
0.208,0.294141414141414,13286.88317594,0.00225408841299437,0.00551372878933738,207.535667656257,3.54090747161621e-05,8.66567870378048e-05
0.209,0.295929203539823,13209.2070930795,0.00223361876594309,0.00546242427528242,207.537867777127,3.52949134822721e-05,8.63588215761346e-05
0.21,0.297721518987342,13132.18803755,0.00221336745766069,0.00541164505774542,207.540002121733,3.51810807596349e-05,8.60612916375113e-05
0.211,0.299518377693283,13055.8189220924,0.0021933318293515,0.00536138507419128,207.542072443654,3.50675769605527e-05,8.57642016735355e-05
0.212,0.301319796954315,12980.0927396637,0.00217350925776996,0.00531163833958044,207.544080454598,3.49544024880766e-05,8.54675561102163e-05
0.213,0.303125794155019,12905.0025626333,0.00215389715471153,0.0052623989453166,207.546027825346,3.48415577356963e-05,8.51713593471421e-05
0.214,0.304936386768448,12830.5415419856,0.00213449296651171,0.00521366105820986,207.547916186654,3.47290430870449e-05,8.48756157566802e-05
0.215,0.306751592356688,12756.7029065253,0.00211529417355302,0.00516541891945488,207.549747130152,3.46168589156205e-05,8.45803296832054e-05
0.216,0.308571428571429,12683.4799620892,0.0020962982897799,0.005117666843624,207.551522209203,3.45050055845209e-05,8.4285505442355e-05
0.217,0.310395913154534,12610.8660907617,0.00207750286222122,0.00507039921767482,207.553242939763,3.43934834461947e-05,8.39911473203125e-05
0.218,0.312225063938619,12538.854750096,0.00205890547052027,0.00502361049997214,207.5549108012,3.42822928422053e-05,8.3697259573117e-05
0.219,0.314058898847631,12467.4394723402,0.00204050372647215,0.00497729521932386,207.556527237112,3.41714341030086e-05,8.34038464259992e-05
0.22,0.315897435897436,12396.6138636675,0.00202229527356834,0.00493144797403073,207.558093656115,3.4060907547745e-05,8.31109120727419e-05
0.221,0.317740693196406,12326.371603413,0.00200427778654842,0.0048860634309496,207.559611432618,3.39507134840431e-05,8.28184606750674e-05
0.222,0.319588688946015,12256.7064433143,0.00198644897095856,0.00484113632457002,207.56108190758,3.3840852207837e-05,8.25264963620472e-05
0.223,0.321441441441441,12187.6122067582,0.00196880656271694,0.0047966614561038,207.562506389248,3.37313240031951e-05,8.22350232295371e-05
0.224,0.323298969072165,12119.0827880317,0.0019513483276858,0.00475263369258758,207.563886153883,3.36221291421613e-05,8.19440453396359e-05
0.225,0.325161290322581,12051.1121515795,0.00193407206124997,0.00470904796599787,207.565222446462,3.35132678846072e-05,8.16535667201654e-05
0.226,0.32702842377261,11983.6943312655,0.00191697558790191,0.00466589927237861,207.566516481375,3.34047404780957e-05,8.13635913641749e-05
0.227,0.328900388098318,11916.8234296403,0.0019000567608329,0.00462318267098092,207.567769443098,3.3296547157756e-05,8.10741232294665e-05
0.228,0.330777202072539,11850.493617214,0.00188331346153058,0.0045808932834148,207.568982486855,3.31886881461677e-05,8.07851662381422e-05
0.229,0.332658884565499,11784.6991317343,0.00186674359938241,0.00453902629281271,207.570156739266,3.30811636532568e-05,8.04967242761721e-05
0.23,0.334545454545455,11719.4342774697,0.00185034511128511,0.00449757694300475,207.571293298979,3.29739738762004e-05,8.02088011929834e-05
0.231,0.336436931079324,11654.6934244987,0.00183411596126003,0.00445654053770521,207.572393237288,3.28671189993414e-05,7.99214008010689e-05
0.232,0.338333333333333,11590.471008004,0.0018180541400741,0.00441591243971051,207.573457598745,3.27605991941126e-05,7.96345268756166e-05
0.233,0.340234680573664,11526.7615275719,0.00180215766486659,0.00437568807010806,207.574487401745,3.26544146189698e-05,7.93481831541569e-05
0.234,0.342140992167102,11463.5595464982,0.00178642457878126,0.00433586290749607,207.575483639114,3.25485654193335e-05,7.90623733362296e-05
0.235,0.344052287581699,11400.8596910981,0.00177085295060403,0.00429643248721416,207.576447278672,3.24430517275391e-05,7.877710108307e-05
0.236,0.345968586387435,11338.6566500228,0.00175544087440596,0.00425739240058441,207.577379263793,3.23378736627953e-05,7.84923700173111e-05
0.237,0.347889908256881,11276.945173581,0.0017401864691915,0.00421873829416291,207.578280513945,3.22330313311505e-05,7.82081837227057e-05
0.238,0.349816272965879,11215.7200730659,0.00172508787855189,0.00418046586900148,207.579151925228,3.21285248254671e-05,7.7924545743864e-05
0.239,0.351747700394218,11154.9762200878,0.00171014327032364,0.00414257087991955,207.579994370894,3.20243542254025e-05,7.7641459586009e-05
0.24,0.353684210526316,11094.7085459126,0.00169535083625197,0.00410504913478591,207.580808701856,3.19205195973982e-05,7.7358928714748e-05
0.241,0.35562582345191,11034.9120408048,0.00168070879165921,0.00406789649381025,207.581595747193,3.18170209946752e-05,7.70769565558605e-05
0.242,0.357572559366755,10975.5817533768,0.00166621537511798,0.00403110886884441,207.582356314636,3.17138584572364e-05,7.6795546495101e-05
0.243,0.359524438573316,10916.7127899437,0.00165186884812909,0.00399468222269306,207.583091191048,3.16110320118754e-05,7.65147018780185e-05
0.244,0.361481481481481,10858.3003138831,0.00163766749480417,0.00395861256843376,207.583801142896,3.15085416721916e-05,7.62344260097893e-05
0.245,0.363443708609271,10800.3395450005,0.00162360962155284,0.00392289596874627,207.584486916713,3.14063874386112e-05,7.59547221550662e-05
0.246,0.365411140583554,10742.8257589009,0.0016096935567744,0.00388752853525092,207.585149239543,3.13045692984143e-05,7.56755935378402e-05
0.247,0.36738379814077,10685.7542863647,0.00159591765055398,0.00385250642785597,207.585788819388,3.12030872257674e-05,7.53970433413178e-05
0.248,0.36936170212766,10629.1205127299,0.00158228027436301,0.00381782585411375,207.586406345638,3.11019411817615e-05,7.51190747078105e-05
0.249,0.371344873501997,10572.9198772793,0.00156877982076409,0.00378348306858562,207.587002489494,3.1001131114455e-05,7.48416907386386e-05
0.25,0.373333333333333,10517.1478726339,0.00155541470311993,0.00374947437221535,207.587577904387,3.09006569589225e-05,7.45648944940465e-05
0.251,0.375327102803738,10461.8000441503,0.00154218335530663,0.00371579611171112,207.588133226379,3.08005186373071e-05,7.42886889931331e-05
0.252,0.377326203208556,10406.871989325,0.00152908423143094,0.0036824446789358,207.588669074566,3.07007160588789e-05,7.40130772137916e-05
0.253,0.379330655957162,10352.3593572033,0.00151611580555161,0.0036494165103054,207.589186051466,3.06012491200965e-05,7.37380620926628e-05
0.254,0.381340482573726,10298.2578477935,0.00150327657140466,0.00361670808619574,207.589684743401,3.0502117704674e-05,7.34636465251001e-05
0.255,0.383355704697987,10244.5632114872,0.00149056504213263,0.00358431593035711,207.590165720872,3.04033216836514e-05,7.31898333651459e-05
0.256,0.385376344086022,10191.2712484839,0.00147797975001763,0.00355223660933668,207.590629538925,3.03048609154689e-05,7.29166254255176e-05
0.257,0.387402422611036,10138.3778082218,0.00146551924621819,0.00352046673190891,207.591076737513,3.02067352460458e-05,7.26440254776063e-05
0.258,0.389433962264151,10085.8787888137,0.00145318210050988,0.00348900294851348,207.591507841844,3.01089445088618e-05,7.23720362514853e-05
0.259,0.391470985155196,10033.7701364875,0.00144096690102953,0.00345784195070081,207.591923362731,3.00114885250428e-05,7.21006604359276e-05
0.26,0.393513513513513,9982.0478450333,0.00142887225402314,0.00342698047058516,207.592323796924,2.99143671034496e-05,7.18299006784354e-05
0.261,0.395561569688769,9930.70795525441,0.00141689678359736,0.00339641528030498,207.592709627446,2.98175800407696e-05,7.15597595852771e-05
0.262,0.397615176151761,9879.74655442443,0.00140503913147442,0.00336614319149055,207.593081323914,2.97211271216121e-05,7.12902397215357e-05
0.263,0.399674355495251,9829.15977574922,0.00139329795675057,0.00333616105473882,207.593439342859,2.96250081186054e-05,7.10213436111638e-05
0.264,0.401739130434782,9778.94379783403,0.00138167193565794,0.00330646575909538,207.593784128035,2.95292227924981e-05,7.07530737370505e-05
0.265,0.403809523809524,9729.09484415595,0.0013701597613297,0.00327705423154327,207.594116110728,2.94337708922616e-05,7.04854325410939e-05
0.266,0.405885558583106,9679.6091825413,0.0013587601435686,0.00324792343649878,207.594435710047,2.9338652155196e-05,7.02184224242836e-05
0.267,0.407967257844475,9630.48312464828,0.00134747180861871,0.00321907037531408,207.594743333226,2.9243866307038e-05,6.99520457467913e-05
0.268,0.410054644808743,9581.71302545456,0.00133629349894044,0.00319049208578641,207.595039375902,2.91494130620708e-05,6.96863048280679e-05
0.269,0.412147742818057,9533.29528275008,0.00132522397298862,0.00316218564167404,207.595324222402,2.90552921232368e-05,6.94212019469499e-05
0.27,0.414246575342466,9485.22633663473,0.00131426200499383,0.00313414815221868,207.595598246014,2.89615031822512e-05,6.91567393417718e-05
0.271,0.416351165980795,9437.50266902112,0.00130340638474671,0.00310637676167436,207.595861809258,2.88680459197185e-05,6.88929192104861e-05
0.272,0.418461538461538,9390.12080314231,0.00129265591738532,0.00307886864884262,207.59611526415,2.87749200052502e-05,6.862974371079e-05
0.273,0.420577716643741,9343.07730306446,0.00128200942318551,0.0030516210266141,207.596358952458,2.8682125097584e-05,6.83672149602597e-05
0.274,0.422699724517906,9296.36877320438,0.00127146573735419,0.00302463114151612,207.596593205958,2.85896608447051e-05,6.8105335036489e-05
0.275,0.424827586206896,9249.99185785206,0.00126102370982559,0.00299789627326659,207.59681834668,2.84975268839685e-05,6.78441059772369e-05
0.276,0.426961325966851,9203.94324069795,0.00125068220506023,0.00297141373433378,207.597034687149,2.84057228422225e-05,6.75835297805785e-05
0.277,0.429100968188105,9158.21964436515,0.00124044010184685,0.00294518086950216,207.597242530626,2.83142483359337e-05,6.73236084050637e-05
0.278,0.431246537396122,9112.81782994633,0.00123029629310706,0.00291919505544402,207.597442171338,2.82231029713133e-05,6.70643437698806e-05
0.279,0.433398058252427,9067.7345965455,0.00122024968570269,0.00289345370029697,207.597633894707,2.81322863444438e-05,6.68057377550242e-05
0.28,0.435555555555556,9022.96678082447,0.00121029920024591,0.0028679542432471,207.597817977572,2.80417980414074e-05,6.65477922014708e-05
0.281,0.437719054242003,8978.51125655403,0.00120044377091198,0.00284269415411782,207.597994688406,2.79516376384146e-05,6.62905089113569e-05
0.282,0.439888579387187,8934.36493416981,0.0011906823452546,0.00281767093296425,207.598164287533,2.7861804701934e-05,6.60338896481634e-05
0.283,0.442064156206415,8890.52476033281,0.00118101388402386,0.00279288210967316,207.598327027334,2.77722987888227e-05,6.5777936136904e-05
0.284,0.444245810055866,8846.98771749451,0.00117143736098679,0.00276832524356825,207.598483152452,2.7683119446457e-05,6.55226500643182e-05
0.285,0.446433566433566,8803.75082346661,0.00116195176275032,0.00274399792302089,207.598632899995,2.75942662128642e-05,6.52680330790691e-05
0.286,0.448627450980392,8760.81113099531,0.00115255608858682,0.00271989776506607,207.598776499728,2.75057386168543e-05,6.50140867919437e-05
0.287,0.450827489481066,8718.16572734009,0.00114324935026202,0.00269602241502359,207.598914174266,2.74175361781524e-05,6.47608127760597e-05
0.288,0.453033707865168,8675.811733857,0.00113403057186534,0.00267236954612446,207.599046139265,2.73296584075313e-05,6.45082125670732e-05
0.289,0.455246132208157,8633.74630558649,0.00112489878964266,0.00264893685914229,207.5991726036,2.72421048069445e-05,6.42562876633925e-05
0.29,0.457464788732394,8591.96663084548,0.00111585305183132,0.00262572208202974,207.599293769549,2.7154874869659e-05,6.40050395263936e-05
0.291,0.45968970380818,8550.46993082405,0.00110689241849756,0.00260272296955996,207.599409832966,2.70679680803888e-05,6.37544695806401e-05
0.292,0.461920903954802,8509.25345918632,0.0010980159613761,0.00257993730297286,207.599520983455,2.69813839154275e-05,6.35045792141053e-05
0.293,0.464158415841584,8468.31450167576,0.00108922276371208,0.00255736288962623,207.599627404536,2.68951218427821e-05,6.32553697783981e-05
0.294,0.466402266288952,8427.65037572476,0.00108051192010514,0.00253499756265162,207.599729273811,2.6809181322306e-05,6.3006842588991e-05
0.295,0.468652482269503,8387.25843006855,0.00107188253635572,0.00251283918061493,207.599826763125,2.67235618058315e-05,6.27589989254521e-05
0.296,0.470909090909091,8347.13604436315,0.00106333372931351,0.00249088562718162,207.599920038719,2.66382627373033e-05,6.25118400316774e-05
0.297,0.473172119487909,8307.28062880781,0.00105486462672795,0.00246913481078648,207.60000926139,2.65532835529105e-05,6.22653671161278e-05
0.298,0.475441595441595,8267.68962377137,0.00104647436710098,0.00244758466430799,207.600094586636,2.64686236812193e-05,6.20195813520677e-05
0.299,0.477717546362339,8228.36049942291,0.00103816209954167,0.00242623314474706,207.600176164807,2.63842825433044e-05,6.17744838778045e-05
0.3,0.48,8189.29075536646,0.00102992698362302,0.00240507823291021,207.600254141245,2.63002595528814e-05,6.1530075796932e-05
0.301,0.482288984263233,8150.47792027974,0.00102176818924067,0.00238411793309708,207.600328656426,2.62165541164371e-05,6.12863581785745e-05
0.302,0.48458452722063,8111.91955155703,0.0010136848964737,0.00236335027279221,207.600399846095,2.61331656333607e-05,6.10433320576332e-05
0.303,0.486886657101865,8073.61323495595,0.00100567629544726,0.00234277330236113,207.600467841405,2.60500934960738e-05,6.08009984350341e-05
0.304,0.48919540229885,8035.55658424833,0.000997741586197182,0.00232238509475049,207.60053276904,2.59673370901598e-05,6.05593582779772e-05
0.305,0.491510791366906,7997.7472408749,0.000989879978536522,0.00230218374519241,207.600594751352,2.58848957944934e-05,6.03184125201877e-05
0.306,0.493832853025936,7960.18287360395,0.000982090691923896,0.00228216737091288,207.600653906476,2.58027689813685e-05,6.00781620621683e-05
0.307,0.496161616161616,7922.86117819388,0.000974372955333717,0.00226233411084415,207.60071034846,2.5720956016626e-05,5.98386077714525e-05
0.308,0.498497109826589,7885.77987705962,0.000966726007128233,0.00224268212534106,207.600764187381,2.56394562597813e-05,5.95997504828591e-05
0.309,0.500839363241679,7848.93671894273,0.000959149094931356,0.00222320959590136,207.600815529458,2.55582690641498e-05,5.93615909987485e-05
0.31,0.503188405797101,7812.32947858544,0.000951641475504261,0.00220391472488975,207.600864477173,2.54773937769733e-05,5.91241300892779e-05
0.311,0.505544267053701,7775.95595640836,0.000944202414622735,0.00218479573526585,207.600911129372,2.53968297395439e-05,5.88873684926605e-05
0.312,0.507906976744186,7739.81397819189,0.000936831186956237,0.00216585087031587,207.600955581383,2.53165762873285e-05,5.86513069154217e-05
0.313,0.510276564774381,7703.90139476135,0.000929527075948659,0.00214707839338796,207.600997925113,2.52366327500917e-05,5.84159460326594e-05
0.314,0.51265306122449,7668.21608167576,0.000922289373700762,0.00212847658763127,207.601038249158,2.51569984520177e-05,5.81812864883026e-05
0.315,0.515036496350365,7632.75593892018,0.000915117380854251,0.00211004375573856,207.601076638898,2.50776727118322e-05,5.79473288953712e-05
0.316,0.517426900584795,7597.51889060175,0.000908010406477493,0.00209177821969241,207.601113176597,2.49986548429223e-05,5.77140738362365e-05
0.317,0.519824304538799,7562.50288464916,0.000900967767952815,0.0020736783205149,207.601147941499,2.49199441534558e-05,5.74815218628812e-05
0.318,0.522228739002932,7527.7058925157,0.000893988790865407,0.0020557424180208,207.60118100992,2.48415399465004e-05,5.72496734971609e-05
0.319,0.524640234948605,7493.12590888582,0.00088707280889377,0.00203796889057415,207.601212455342,2.47634415201403e-05,5.70185292310641e-05
0.32,0.527058823529412,7458.76095138513,0.000880219163701704,0.00202035613484818,207.601242348495,2.4685648167593e-05,5.67880895269737e-05
0.321,0.529484536082474,7424.6090602938,0.00087342720483182,0.00200290256558863,207.601270757451,2.46081591773252e-05,5.65583548179281e-05
0.322,0.531917404129793,7390.66829826338,0.00086669628960053,0.00198560661538029,207.601297747701,2.45309738331663e-05,5.63293255078816e-05
0.323,0.534357459379616,7356.936750037,0.00086002578299453,0.0019684667344168,207.601323382245,2.44540914144227e-05,5.61010019719657e-05
0.324,0.53680473372781,7323.41252217286,0.000853415057568725,0.00195148139027364,207.601347721662,2.43775111959894e-05,5.58733845567495e-05
0.325,0.539259259259259,7290.09374277108,0.000846863493345593,0.00193464906768426,207.601370824196,2.43012324484613e-05,5.56464735804997e-05
0.326,0.541721068249258,7256.97856120375,0.000840370477715959,0.00191796826831935,207.60139274583,2.42252544382438e-05,5.54202693334415e-05
0.327,0.544190193164933,7224.06514784827,0.000833935405341158,0.00190143751056914,207.601413540355,2.4149576427661e-05,5.51947720780175e-05
0.328,0.546666666666667,7191.35169382388,0.00082755767805659,0.00188505532932873,207.601433259449,2.40741976750642e-05,5.49699820491471e-05
0.329,0.549150521609538,7158.83641073138,0.000821236704776606,0.00186882027578643,207.60145195274,2.39991174349386e-05,5.47458994544856e-05
0.33,0.551641791044776,7126.51753039597,0.000814971901400749,0.00185273091721501,207.601469667881,2.39243349580084e-05,5.45225244746819e-05
0.331,0.554140508221226,7094.39330461324,0.000808762690721302,0.00183678583676586,207.601486450609,2.38498494913417e-05,5.42998572636366e-05
0.332,0.556646706586826,7062.46200489821,0.00080260850233214,0.00182098363326605,207.601502344816,2.37756602784538e-05,5.40778979487586e-05
0.333,0.559160419790105,7030.72192223749,0.000796508772538859,0.00180532292101813,207.601517392607,2.37017665594091e-05,5.38566466312218e-05
0.334,0.561681681681682,6999.17136684434,0.000790462944270167,0.00178980232960281,207.601531634364,2.36281675709223e-05,5.36361033862202e-05
0.335,0.564210526315789,6967.8086679169,0.000784470466990531,0.00177442050368435,207.601545108803,2.3554862546458e-05,5.34162682632232e-05
0.336,0.566746987951807,6936.63217339924,0.000778530796614034,0.00175917610281861,207.601557853033,2.34818507163294e-05,5.31971412862291e-05
0.337,0.569291101055807,6905.64024974538,0.000772643395419453,0.00174406780126384,207.601569902613,2.34091313077958e-05,5.29787224540185e-05
0.338,0.571842900302115,6874.83128168629,0.000766807731966534,0.00172909428779412,207.601581291603,2.33367035451587e-05,5.27610117404067e-05
0.339,0.574402420574886,6844.2036719997,0.000761023281013434,0.00171425426551527,207.601592052621,2.3264566649857e-05,5.25440090944943e-05
0.34,0.576969696969697,6813.75584128274,0.000755289523435323,0.0016995464516835,207.601602216891,2.31927198405609e-05,5.23277144409183e-05
0.341,0.579544764795144,6783.48622772745,0.000749605946144144,0.00168496957752645,207.601611814295,2.31211623332643e-05,5.2112127680101e-05
0.342,0.582127659574468,6753.39328689907,0.000743972042009481,0.0016705223880668,207.601620873421,2.30498933413765e-05,5.18972486884982e-05
0.343,0.584718417047184,6723.47549151709,0.00073838730978055,0.00165620364194828,207.601629421611,2.29789120758125e-05,5.16830773188463e-05
0.344,0.587317073170732,6693.73133123901,0.000732851254009289,0.00164201211126418,207.601637485004,2.2908217745082e-05,5.14696134004092e-05
0.345,0.589923664122137,6664.15931244681,0.000727363384974515,0.00162794658138817,207.601645088582,2.28378095553775e-05,5.12568567392221e-05
0.346,0.592538226299694,6634.75795803615,0.00072192321860716,0.00161400585080751,207.601652256214,2.27676867106604e-05,5.10448071183359e-05
0.347,0.595160796324655,6605.52580720813,0.00071653027641655,0.00160018873095861,207.601659010698,2.26978484127475e-05,5.08334642980599e-05
0.348,0.597791411042945,6576.46141526376,0.00071118408541772,0.00158649404606484,207.601665373796,2.26282938613943e-05,5.06228280162027e-05
0.349,0.600430107526882,6547.56335340094,0.000705884178059751,0.00157292063297662,207.601671366282,2.25590222543788e-05,5.04128979883131e-05
0.35,0.603076923076923,6518.83020851408,0.000700630092155114,0.00155946734101375,207.601677007972,2.24900327875835e-05,5.02036739079183e-05
0.351,0.605731895223421,6490.2605829962,0.00069542137081,0.00154613303180988,207.601682317767,2.24213246550755e-05,4.99951554467617e-05
0.352,0.608395061728395,6461.85309454358,0.000690257562355637,0.00153291657915924,207.601687313684,2.23528970491867e-05,4.97873422550395e-05
0.353,0.611066460587326,6433.60637596287,0.000685138220280563,0.0015198168688654,207.601692012894,2.22847491605923e-05,4.95802339616352e-05
0.354,0.61374613003096,6405.51907498066,0.000680062903163852,0.00150683279859221,207.601696431754,2.22168801783874e-05,4.93738301743538e-05
0.355,0.616434108527132,6377.5898540555,0.000675031174609282,0.00149396327771682,207.601700585837,2.21492892901638e-05,4.91681304801536e-05
0.356,0.619130434782609,6349.81739019228,0.000670042603180411,0.00148120722718465,207.60170448997,2.20819756820844e-05,4.89631344453774e-05
0.357,0.621835147744946,6322.20037475906,0.000665096762336585,0.0014685635793665,207.601708158256,2.20149385389576e-05,4.87588416159819e-05
0.358,0.624548286604361,6294.73751330617,0.000660193230369824,0.00145603127791757,207.601711604112,2.19481770443092e-05,4.8555251517766e-05
0.359,0.627269890795632,6267.42752538768,0.000655331590342602,0.00144360927763847,207.601714840288,2.18816903804543e-05,4.83523636565972e-05
0.36,0.63,6240.26914438516,0.000650511430026497,0.00143129654433812,207.601717878905,2.18154777285678e-05,4.8150177518637e-05
0.361,0.632738654147105,6213.26111733374,0.000645732341841702,0.00141909205469865,207.601720731471,2.17495382687532e-05,4.79486925705651e-05
0.362,0.635485893416928,6186.40220475033,0.000640993922797379,0.00140699479614206,207.601723408915,2.16838711801112e-05,4.77479082598011e-05
0.363,0.638241758241758,6159.69118046422,0.00063629577443285,0.00139500376669883,207.601725921606,2.16184756408062e-05,4.7547824014726e-05
0.364,0.641006289308176,6133.12683144968,0.000631637502759614,0.00138311797487825,207.601728279382,2.15533508281327e-05,4.73484392449013e-05
0.365,0.643779527559055,6106.70795766092,0.000627018718204167,0.00137133643954068,207.601730491568,2.14884959185797e-05,4.7149753341287e-05
0.366,0.646561514195583,6080.43337186907,0.000622439035551635,0.00135965818977146,207.601732567002,2.14239100878946e-05,4.69517656764583e-05
0.367,0.649352290679305,6054.30189950132,0.000617898073890179,0.00134808226475664,207.601734514055,2.13595925111456e-05,4.67544756048205e-05
0.368,0.652151898734177,6028.31237848221,0.000613395456556189,0.0013366077136604,207.601736340652,2.12955423627836e-05,4.6557882462822e-05
0.369,0.654960380348653,6002.46365907692,0.00060893081108024,0.00132523359550416,207.601738054291,2.12317588167026e-05,4.63619855691671e-05
0.37,0.657777777777778,5976.75460373665,0.000604503769133799,0.00131395897904742,207.601739662064,2.11682410462986e-05,4.61667842250257e-05
0.371,0.66060413354531,5951.18408694601,0.000600113966476682,0.00130278294267015,207.601741170676,2.11049882245289e-05,4.59722777142427e-05
0.372,0.66343949044586,5925.75099507245,0.00059576104290524,0.00129170457425692,207.601742586459,2.10419995239684e-05,4.57784653035452e-05
0.373,0.666283891547049,5900.45422621761,0.000591444642201265,0.00128072297108252,207.601743915393,2.09792741168669e-05,4.55853462427482e-05
0.374,0.669137380191693,5875.2926900707,0.000587164412081619,0.00126983723969923,207.601745163122,2.09168111752035e-05,4.53929197649599e-05
0.375,0.672,5850.26530776374,0.000582920004148549,0.00125904649582563,207.60174633497,2.08546098707416e-05,4.5201185086783e-05
0.376,0.674871794871795,5825.37101172876,0.000578711073840707,0.00124834986423692,207.601747435953,2.07926693750817e-05,4.50101414085175e-05
0.377,0.677752808988764,5800.60874555687,0.000574537280384846,0.00123774647865678,207.6017484708,2.07309888597138e-05,4.48197879143591e-05
0.378,0.68064308681672,5775.97746385921,0.000570398286748187,0.00122723548165069,207.60174944396,2.06695674960686e-05,4.46301237725987e-05
0.379,0.683542673107891,5751.4761321297,0.000566293759591453,0.00121681602452074,207.601750359621,2.0608404455568e-05,4.44411481358184e-05
0.38,0.686451612903226,5727.1037266097,0.000562223369222546,0.00120648726720186,207.601751221722,2.05474989096745e-05,4.42528601410865e-05
0.381,0.689369951534733,5702.85923415436,0.000558186789550883,0.00119624837815952,207.601752033963,2.04868500299392e-05,4.40652589101519e-05
0.382,0.692297734627832,5678.74165210082,0.000554183698042345,0.00118609853428878,207.601752799821,2.04264569880496e-05,4.38783435496353e-05
0.383,0.695235008103728,5654.74998813813,0.000550213775674874,0.00117603692081472,207.601753522558,2.03663189558759e-05,4.36921131512206e-05
0.384,0.698181818181818,5630.88326017896,0.000546276706894661,0.00116606273119431,207.601754205232,2.0306435105517e-05,4.35065667918431e-05
0.385,0.701138211382114,5607.14049623293,0.000542372179572963,0.00115617516701952,207.601754850712,2.02468046093443e-05,4.33217035338779e-05
0.386,0.704104234527687,5583.52073428173,0.000538499884963503,0.00114637343792185,207.601755461683,2.01874266400466e-05,4.31375224253252e-05
0.387,0.707079934747145,5560.02302215583,0.000534659517660467,0.00113665676147806,207.60175604066,2.0128300370672e-05,4.29540224999951e-05
0.388,0.710065359477124,5536.6464174129,0.000530850775557075,0.00112702436311729,207.601756589992,2.00694249746703e-05,4.27712027776907e-05
0.389,0.713060556464812,5513.38998721783,0.000527073359804732,0.00111747547602934,207.601757111877,2.00107996259342e-05,4.25890622643893e-05
0.39,0.716065573770492,5490.25280822435,0.000523326974772738,0.00110800934107432,207.601757608367,1.99524234988395e-05,4.24075999524223e-05
0.391,0.719080459770115,5467.23396645827,0.000519611328008549,0.0010986252066934,207.601758081374,1.9894295768284e-05,4.22268148206537e-05
0.392,0.722105263157894,5444.33255720227,0.000515926130198601,0.00108932232882086,207.601758532685,1.9836415609727e-05,4.20467058346576e-05
0.393,0.725140032948929,5421.54768488225,0.000512271095129657,0.00108009997079728,207.601758963962,1.97787821992259e-05,4.18672719468925e-05
0.394,0.728184818481848,5398.87846295518,0.000508645939650694,0.00107095740328395,207.601759376751,1.97213947134739e-05,4.16885120968763e-05
0.395,0.731239669421487,5376.32401379852,0.00050505038363531,0.00106189390417839,207.601759772492,1.96642523298358e-05,4.15104252113583e-05
0.396,0.734304635761589,5353.88346860107,0.000501484149944657,0.00105290875853109,207.601760152522,1.96073542263832e-05,4.13330102044902e-05
0.397,0.737379767827529,5331.55596725529,0.000497946964390867,0.00104400125846322,207.601760518082,1.95506995819291e-05,4.11562659779956e-05
0.398,0.74046511627907,5309.34065825118,0.000494438555700997,0.00103517070308563,207.601760870323,1.94942875760614e-05,4.09801914213384e-05
0.399,0.743560732113145,5287.23669857143,0.000490958655481451,0.00102641639841884,207.601761210311,1.94381173891759e-05,4.08047854118888e-05
0.4,0.746666666666666,5265.24325358813,0.000487506998182903,0.00101773765731407,207.601761539033,1.93821882025085e-05,4.06300468150888e-05
0.401,0.749782971619365,5243.35949696079,0.000484083321065691,0.00100913379937546,207.601761857403,1.93264991981666e-05,4.0455974484616e-05
0.402,0.752909698996655,5221.58461053578,0.00048068736416569,0.00100060415088316,207.601762166263,1.92710495591595e-05,4.02825672625455e-05
0.403,0.756046901172529,5199.9177842471,0.000477318870260645,0.000992148044717612,207.601762466392,1.92158384694287e-05,4.01098239795107e-05
0.404,0.759194630872483,5178.35821601853,0.000473977584836967,0.000983764820284745,207.601762758507,1.91608651138768e-05,3.9937743454863e-05
0.405,0.762352941176471,5156.90511166711,0.000470663256056982,0.000975453823442176,207.601763043268,1.9106128678396e-05,3.97663244968296e-05
0.406,0.765521885521885,5135.55768480786,0.00046737563472662,0.000967214406426436,207.601763321284,1.90516283498958e-05,3.95955659026697e-05
0.407,0.768701517706577,5114.31515675988,0.000464114474263551,0.000959045927781117,207.601763593111,1.89973633163305e-05,3.94254664588299e-05
0.408,0.771891891891892,5093.17675645367,0.000460879530665751,0.000950947752286016,207.601763859263,1.89433327667248e-05,3.92560249410982e-05
0.409,0.775093062605753,5072.14172033969,0.000457670562480491,0.000942919250887168,207.601764120207,1.88895358912004e-05,3.90872401147556e-05
0.41,0.778305084745762,5051.20929229826,0.000454487330773751,0.000934959800627856,207.601764376375,1.88359718810002e-05,3.89191107347277e-05
0.411,0.781528013582343,5030.37872355054,0.000451329599100045,0.000927068784580492,207.601764628157,1.87826399285132e-05,3.87516355457336e-05
0.412,0.784761904761905,5009.64927257085,0.000448197133472657,0.000919245591779423,207.601764875914,1.87295392272981e-05,3.85848132824349e-05
0.413,0.788006814310051,4989.02020500008,0.000445089702334279,0.000911489617154604,207.601765119971,1.86766689721064e-05,3.84186426695815e-05
0.414,0.791262798634812,4968.49079356036,0.00044200707652804,0.000903800261466153,207.601765360626,1.86240283589046e-05,3.82531224221578e-05
0.415,0.794529914529914,4948.06031797081,0.000438949029268932,0.00089617693123976,207.601765598149,1.85716165848965e-05,3.80882512455266e-05
0.416,0.797808219178082,4927.72806486447,0.00043591533611562,0.000888619038702942,207.601765832785,1.85194328485441e-05,3.79240278355715e-05
0.417,0.801097770154374,4907.49332770639,0.000432905774942624,0.000881126001722134,207.601766064758,1.84674763495881e-05,3.77604508788388e-05
0.418,0.804398625429553,4887.35540671281,0.000429920125912885,0.000873697243740598,207.601766294268,1.84157462890684e-05,3.75975190526772e-05
0.419,0.807710843373494,4867.31360877133,0.000426958171450694,0.000866332193717143,207.601766521497,1.83642418693431e-05,3.74352310253765e-05
0.42,0.81103448275862,4847.3672473624,0.000424019696214981,0.000859030286065642,207.601766746609,1.83129622941074e-05,3.72735854563056e-05
0.421,0.814369602763385,4827.51564248163,0.000421104487072964,0.000851790960595326,207.601766969751,1.82619067684122e-05,3.71125809960477e-05
0.422,0.817716262975778,4807.7581205633,0.000418212333074158,0.000844613662451866,207.601767191057,1.82110744986815e-05,3.69522162865361e-05
0.423,0.82107452339688,4788.09401440487,0.000415343025424714,0.000837497842059204,207.601767410646,1.81604646927298e-05,3.67924899611869e-05
0.424,0.824444444444444,4768.52266309248,0.000412496357462117,0.000830442955062141,207.601767628623,1.81100765597785e-05,3.66334006450317e-05
0.425,0.827826086956522,4749.04341192753,0.00040967212463021,0.000823448462269659,207.601767845085,1.80599093104721e-05,3.64749469548485e-05
0.426,0.831219512195122,4729.6556123542,0.000406870124454558,0.000816513829598983,207.601768060117,1.80099621568942e-05,3.63171274992913e-05
0.427,0.834624781849913,4710.35862188792,0.000404090156518129,0.000809638528020342,207.601768273794,1.79602343125817e-05,3.61599408790183e-05
0.428,0.838041958041958,4691.15180404492,0.000401332022437313,0.000802822033502454,207.601768486183,1.79107249925399e-05,3.60033856868197e-05
0.429,0.841471103327496,4672.03452827262,0.000398595525838242,0.000796063826958701,207.601768697345,1.78614334132568e-05,3.58474605077429e-05
0.43,0.844912280701754,4653.00616988103,0.000395880472333433,0.000789363394193991,207.601768907332,1.78123587927158e-05,3.56921639192176e-05
0.431,0.848365553602812,4634.06610997502,0.000393186669498741,0.00078272022585229,207.601769116191,1.77635003504097e-05,3.55374944911792e-05
0.432,0.851830985915493,4615.21373538758,0.000390513926850609,0.000776133817364831,207.601769323963,1.77148573073525e-05,3.53834507861908e-05
0.433,0.855308641975309,4596.44843861388,0.000387862055823621,0.000769603668898974,207.601769530685,1.7666428886092e-05,3.52300313595644e-05
0.434,0.858798586572438,4577.76961774633,0.000385230869748355,0.000763129285307711,207.601769736388,1.76182143107213e-05,3.50772347594806e-05
0.435,0.862300884955752,4559.17667641043,0.000382620183829519,0.000756710176079805,207.601769941101,1.75702128068898e-05,3.49250595271069e-05
0.436,0.865815602836879,4540.66902370149,0.000380029815124378,0.000750345855290575,207.601770144847,1.75224236018144e-05,3.47735041967157e-05
0.437,0.869342806394316,4522.24607412229,0.000377459582521467,0.000744035841553271,207.601770347648,1.74748459242892e-05,3.46225672957998e-05
0.438,0.87288256227758,4503.90724752142,0.000374909306719573,0.000737779657971081,207.601770549524,1.74274790046958e-05,3.44722473451878e-05
0.439,0.876434937611408,4485.65196903261,0.000372378810207002,0.000731576832089729,207.601770750489,1.73803220750125e-05,3.43225428591576e-05
0.44,0.88,4467.47966901475,0.000369867917241113,0.000725426895850669,207.601770950559,1.73333743688236e-05,3.41734523455495e-05
0.441,0.883577817531306,4449.3897829928,0.000367376453828109,0.000719329385544855,207.601771149746,1.72866351213274e-05,3.40249743058771e-05
0.442,0.887168458781362,4431.3817515994,0.000364904247703113,0.000713283841767092,207.601771348061,1.72401035693452e-05,3.3877107235438e-05
0.443,0.890771992818671,4413.45502051738,0.000362451128310475,0.000707289809370956,207.601771545513,1.71937789513282e-05,3.37298496234227e-05
0.444,0.894388489208633,4395.60904042292,0.000360016926784359,0.000701346837424254,207.60177174211,1.71476605073658e-05,3.35831999530228e-05
0.445,0.898018018018018,4377.8432669295,0.000357601475929568,0.000695454479165062,207.60177193786,1.71017474791917e-05,3.3437156701538e-05
0.446,0.901660649819494,4360.15716053267,0.000355204610202614,0.000689612291958276,207.601772132769,1.70560391101912e-05,3.32917183404812e-05
0.447,0.905316455696202,4342.55018655545,0.000352826165693048,0.000683819837252715,207.601772326842,1.70105346454071e-05,3.31468833356837e-05
0.448,0.908985507246377,4325.0218150945,0.000350465980105015,0.000678076680538748,207.601772520086,1.69652333315457e-05,3.30026501473987e-05
0.449,0.912667876588021,4307.57152096702,0.000348123892739052,0.000672382391306432,207.601772712503,1.69201344169823e-05,3.28590172304034e-05
0.45,0.916363636363636,4290.19878365834,0.000345799744474124,0.000666736543004163,207.601772904099,1.68752371517663e-05,3.27159830341001e-05
0.451,0.920072859744991,4272.90308727017,0.000343493377749883,0.000661138712997839,207.601773094877,1.68305407876258e-05,3.25735460026169e-05
0.452,0.923795620437956,4255.68392046957,0.000341204636549159,0.000655588482530506,207.601773284841,1.67860445779727e-05,3.24317045749063e-05
0.453,0.927531992687386,4238.5407764386,0.000338933366380675,0.000650085436682504,207.601773473994,1.6741747777906e-05,3.22904571848433e-05
0.454,0.931282051282051,4221.47315282459,0.000336679414261982,0.000644629164332089,207.601773662338,1.66976496442162e-05,3.21498022613224e-05
0.455,0.935045871559633,4204.4805516911,0.000334442628702609,0.000639219258116532,207.601773849877,1.66537494353885e-05,3.20097382283533e-05
0.456,0.938823529411764,4187.5624794695,0.000332222859687434,0.000633855314393686,207.601774036613,1.66100464116058e-05,3.18702635051556e-05
0.457,0.942615101289134,4170.71844691121,0.000330019958660254,0.000628536933204014,207.601774222549,1.65665398347518e-05,3.17313765062524e-05
0.458,0.946420664206642,4153.94796904051,0.000327833778507583,0.000623263718233069,207.601774407688,1.65232289684132e-05,3.15930756415633e-05
0.459,0.950240295748613,4137.25056510806,0.000325664173542636,0.000618035276774439,207.601774592031,1.64801130778824e-05,3.14553593164957e-05
0.46,0.954074074074074,4120.6257585449,0.000323510999489525,0.000612851219693101,207.601774775582,1.64371914301587e-05,3.13182259320347e-05
0.461,0.957922077922078,4104.07307691717,0.000321374113467656,0.000607711161389248,207.601774958344,1.63944632939505e-05,3.11816738848337e-05
0.462,0.9617843866171,4087.59205188133,0.000319253373976316,0.000602614719762514,207.601775140317,1.6351927939676e-05,3.1045701567302e-05
0.463,0.965661080074488,4071.18221913999,0.000317148640879463,0.000597561516176652,207.601775321506,1.63095846394649e-05,3.09103073676925e-05
0.464,0.96955223880597,4054.84311839833,0.000315059775390698,0.0005925511754246,207.601775501911,1.62674326671588e-05,3.07754896701878e-05
0.465,0.973457943925234,4038.57429332105,0.00031298664005843,0.000587583325693978,207.601775681537,1.62254712983114e-05,3.06412468549857e-05
0.466,0.977378277153558,4022.37529148988,0.000310929098751233,0.00058265759853299,207.601775860384,1.61836998101891e-05,3.05075772983838e-05
0.467,0.981313320825516,4006.24566436166,0.00030888701664337,0.000577773628816714,207.601776038456,1.61421174817709e-05,3.03744793728622e-05
0.468,0.985263157894737,3990.18496722694,0.000306860260200517,0.000572931054713798,207.601776215754,1.61007235937478e-05,3.0241951447166e-05
0.469,0.989227871939736,3974.19275916909,0.00030484869716565,0.00056812951765354,207.601776392282,1.60595174285223e-05,3.0109991886387e-05
0.47,0.993207547169811,3958.26860302396,0.000302852196545118,0.000563368662293354,207.601776568041,1.60184982702076e-05,2.99785990520434e-05
