pSelf,Year,pResistantPlant
0,0,0.00271
0,1,0.03683
0,2,0.02681
0,3,0.02186
0,4,0.01846
0,5,0.01774
0,6,0.01506
0,7,0.01412
0,8,0.01376
0,9,0.01192
0,10,0.01101
0,11,0.00992
0,12,0.00971
0,13,0.00848
0,14,0.00749
0,15,0.00731
0,16,0.00623
0,17,0.00648
0,18,0.00595
0,19,0.006
0,20,0.00486
0,21,0.00425
0,22,0.00482
0,23,0.00426
0,24,0.00393
0,25,0.00355
0,26,0.00378
0,27,0.00294
0,28,0.00283
0,29,0.00262
0,30,0.00245
0,31,0.00232
0,32,0.00215
0,33,0.00192
0,34,0.00194
0,35,0.00165
0,36,0.0015
0,37,0.00137
0,38,0.0015
0,39,0.00131
0,40,0.0013
0,41,0.00119
0,42,0.00094
0,43,0.00104
0,44,0.00084
0,45,0.00078
0,46,0.00071
0,47,0.00079
0,48,0.00083
0,49,0.00075
0,50,0.00059
0,51,0.00062
0,52,0.0006
0,53,0.00058
0,54,0.00051
0,55,0.00052
0,56,0.00054
0,57,0.00032
0,58,0.00028
0,59,0.0002
0,60,0.00027
0,61,0.00025
0,62,0.00028
0,63,0.00018
0,64,0.00025
0,65,0.00022
0,66,0.00025
0,67,0.0002
0,68,0.0002
0,69,0.00023
0,70,0.00021
0,71,0.00017
0,72,9e-05
0,73,0.00015
0,74,0.00011
0,75,0.00014
0,76,0.00012
0,77,0.00013
0,78,0.00012
0,79,6e-05
0,80,7e-05
0,81,4e-05
0,82,6e-05
0,83,8e-05
0,84,5e-05
0,85,5e-05
0,86,3e-05
0,87,1e-05
0,88,4e-05
0,89,6e-05
0,90,6e-05
0,91,2e-05
0,92,7e-05
0,93,4e-05
0,94,3e-05
0,95,2e-05
0,96,6e-05
0,97,2e-05
0,98,6e-05
0,99,1e-05
0,100,1e-05
0,101,2e-05
0,102,1e-05
0,103,5e-05
0,104,1e-05
0,105,0
0,106,0
0,107,0
0,108,1e-05
0,109,2e-05
0,110,1e-05
0,111,2e-05
0,112,0
0,113,0
0,114,0
0,115,2e-05
0,116,1e-05
0,117,1e-05
0,118,0
0,119,0
0,120,0
0,121,0
0,122,0
0,123,1e-05
0,124,0
0,125,2e-05
0,126,0
0,127,1e-05
0,128,0
0,129,0
0,130,0
0,131,0
0,132,0
0,133,0
0,134,0
0,135,0
0,136,0
0,137,0
0,138,0
0,139,0
0,140,0
0,141,0
0,142,0
0,143,0
0,144,0
0,145,0
0,146,0
0,147,0
0,148,0
0,149,0
0,150,0
0,151,0
0,152,0
0,153,0
0,154,0
0,155,0
0,156,0
0,157,0
0,158,0
0,159,0
0,160,0
0,161,0
0,162,0
0,163,0
0,164,0
0,165,0
0,166,0
0,167,0
0,168,0
0,169,0
0,170,0
0,171,0
0,172,0
0,173,0
0,174,0
0,175,0
0,176,0
0,177,0
0,178,0
0,179,0
0,180,0
0,181,0
0,182,0
0,183,0
0,184,0
0,185,0
0,186,0
0,187,0
0,188,0
0,189,0
0,190,0
0,191,0
0,192,0
0,193,0
0,194,0
0,195,0
0,196,0
0,197,0
0,198,0
0,199,0
0,200,0
0,201,0
0,202,0
0,203,0
0,204,0
0,205,0
0,206,0
0,207,0
0,208,0
0,209,0
0,210,0
0,211,0
0,212,0
0,213,0
0,214,0
0,215,0
0,216,0
0,217,0
0,218,0
0,219,0
0,220,0
0,221,0
0,222,0
0,223,0
0,224,0
0,225,0
0,226,0
0,227,0
0,228,0
0,229,0
0,230,0
0,231,0
0,232,0
0,233,0
0,234,0
0,235,0
0,236,0
0,237,0
0,238,0
0,239,0
0,240,0
0,241,0
0,242,0
0,243,0
0,244,0
0,245,0
0,246,0
0,247,0
0,248,0
0,249,0
0,250,0
0,251,0
0,252,0
0,253,0
0,254,0
0,255,0
0,256,0
0,257,0
0,258,0
0,259,0
0,260,0
0,261,0
0,262,0
0,263,0
0,264,0
0,265,0
0,266,0
0,267,0
0,268,0
0,269,0
0,270,0
0,271,0
0,272,0
0,273,0
0,274,0
0,275,0
0,276,0
0,277,0
0,278,0
0,279,0
0,280,0
0,281,0
0,282,0
0,283,0
0,284,0
0,285,0
0,286,0
0,287,0
0,288,0
0,289,0
0,290,0
0,291,0
0,292,0
0,293,0
0,294,0
0,295,0
0,296,0
0,297,0
0,298,0
0,299,0
0,300,0
0,301,0
0,302,0
0,303,0
0,304,0
0,305,0
0,306,0
0,307,0
0,308,0
0,309,0
0,310,0
0,311,0
0,312,0
0,313,0
0,314,0
0,315,0
0,316,0
0,317,0
0,318,0
0,319,0
0,320,0
0,321,0
0,322,0
0,323,0
0,324,0
0,325,0
0,326,0
0,327,0
0,328,0
0,329,0
0,330,0
0,331,0
0,332,0
0,333,0
0,334,0
0,335,0
0,336,0
0,337,0
0,338,0
0,339,0
0,340,0
0,341,0
0,342,0
0,343,0
0,344,0
0,345,0
0,346,0
0,347,0
0,348,0
0,349,0
0,350,0
0,351,0
0,352,0
0,353,0
0,354,0
0,355,0
0,356,0
0,357,0
0,358,0
0,359,0
0,360,0
0,361,0
0,362,0
0,363,0
0,364,0
0,365,0
0,366,0
0,367,0
0,368,0
0,369,0
0,370,0
0,371,0
0,372,0
0,373,0
0,374,0
0,375,0
0,376,0
0,377,0
0,378,0
0,379,0
0,380,0
0,381,0
0,382,0
0,383,0
0,384,0
0,385,0
0,386,0
0,387,0
0,388,0
0,389,0
0,390,0
0,391,0
0,392,0
0,393,0
0,394,0
0,395,0
0,396,0
0,397,0
0,398,0
0,399,0
0,400,0
0,401,0
0,402,0
0,403,0
0,404,0
0,405,0
0,406,0
0,407,0
0,408,0
0,409,0
0,410,0
0,411,0
0,412,0
0,413,0
0,414,0
0,415,0
0,416,0
0,417,0
0,418,0
0,419,0
0,420,0
0,421,0
0,422,0
0,423,0
0,424,0
0,425,0
0,426,0
0,427,0
0,428,0
0,429,0
0,430,0
0,431,0
0,432,0
0,433,0
0,434,0
0,435,0
0,436,0
0,437,0
0,438,0
0,439,0
0,440,0
0,441,0
0,442,0
0,443,0
0,444,0
0,445,0
0,446,0
0,447,0
0,448,0
0,449,0
0,450,0
0,451,0
0,452,0
0,453,0
0,454,0
0,455,0
0,456,0
0,457,0
0,458,0
0,459,0
0,460,0
0,461,0
0,462,0
0,463,0
0,464,0
0,465,0
0,466,0
0,467,0
0,468,0
0,469,0
0,470,0
0,471,0
0,472,0
0,473,0
0,474,0
0,475,0
0,476,0
0,477,0
0,478,0
0,479,0
0,480,0
0,481,0
0,482,0
0,483,0
0,484,0
0,485,0
0,486,0
0,487,0
0,488,0
0,489,0
0,490,0
0,491,0
0,492,0
0,493,0
0,494,0
0,495,0
0,496,0
0,497,0
0,498,0
0,499,0
0,500,0
0.5,0,0.00122
0.5,1,0.02967
0.5,2,0.02432
0.5,3,0.02121
0.5,4,0.01988
0.5,5,0.01756
0.5,6,0.01525
0.5,7,0.01443
0.5,8,0.01283
0.5,9,0.0118
0.5,10,0.0114
0.5,11,0.00995
0.5,12,0.009
0.5,13,0.00904
0.5,14,0.00809
0.5,15,0.00789
0.5,16,0.00661
0.5,17,0.00683
0.5,18,0.00601
0.5,19,0.0052
0.5,20,0.00516
0.5,21,0.00508
0.5,22,0.00442
0.5,23,0.00408
0.5,24,0.00381
0.5,25,0.00399
0.5,26,0.00355
0.5,27,0.0029
0.5,28,0.00268
0.5,29,0.00264
0.5,30,0.00242
0.5,31,0.00207
0.5,32,0.00219
0.5,33,0.00184
0.5,34,0.00213
0.5,35,0.00183
0.5,36,0.00159
0.5,37,0.00142
0.5,38,0.00135
0.5,39,0.00141
0.5,40,0.00125
0.5,41,0.00114
0.5,42,0.00112
0.5,43,0.00104
0.5,44,0.0011
0.5,45,0.00078
0.5,46,0.00088
0.5,47,0.00072
0.5,48,0.00071
0.5,49,0.00087
0.5,50,0.00064
0.5,51,0.00063
0.5,52,0.00051
0.5,53,0.00051
0.5,54,0.00047
0.5,55,0.00046
0.5,56,0.00042
0.5,57,0.00045
0.5,58,0.00034
0.5,59,0.00039
0.5,60,0.00029
0.5,61,0.00029
0.5,62,0.00026
0.5,63,0.00026
0.5,64,0.00023
0.5,65,0.00027
0.5,66,0.00019
0.5,67,0.00015
0.5,68,0.00032
0.5,69,8e-05
0.5,70,0.0001
0.5,71,0.00018
0.5,72,0.00015
0.5,73,0.00018
0.5,74,0.0001
0.5,75,9e-05
0.5,76,5e-05
0.5,77,0.0001
0.5,78,0.0001
0.5,79,6e-05
0.5,80,9e-05
0.5,81,9e-05
0.5,82,8e-05
0.5,83,3e-05
0.5,84,0.00011
0.5,85,8e-05
0.5,86,5e-05
0.5,87,6e-05
0.5,88,2e-05
0.5,89,4e-05
0.5,90,5e-05
0.5,91,2e-05
0.5,92,5e-05
0.5,93,1e-05
0.5,94,2e-05
0.5,95,3e-05
0.5,96,4e-05
0.5,97,8e-05
0.5,98,4e-05
0.5,99,1e-05
0.5,100,2e-05
0.5,101,1e-05
0.5,102,4e-05
0.5,103,5e-05
0.5,104,0
0.5,105,1e-05
0.5,106,1e-05
0.5,107,0
0.5,108,3e-05
0.5,109,2e-05
0.5,110,0
0.5,111,1e-05
0.5,112,1e-05
0.5,113,1e-05
0.5,114,1e-05
0.5,115,1e-05
0.5,116,1e-05
0.5,117,0
0.5,118,1e-05
0.5,119,0
0.5,120,2e-05
0.5,121,1e-05
0.5,122,0
0.5,123,0
0.5,124,1e-05
0.5,125,0
0.5,126,0
0.5,127,0
0.5,128,0
0.5,129,1e-05
0.5,130,0
0.5,131,1e-05
0.5,132,0
0.5,133,0
0.5,134,0
0.5,135,0
0.5,136,0
0.5,137,0
0.5,138,1e-05
0.5,139,0
0.5,140,0
0.5,141,0
0.5,142,0
0.5,143,0
0.5,144,0
0.5,145,1e-05
0.5,146,0
0.5,147,0
0.5,148,0
0.5,149,0
0.5,150,0
0.5,151,0
0.5,152,0
0.5,153,0
0.5,154,1e-05
0.5,155,0
0.5,156,0
0.5,157,0
0.5,158,0
0.5,159,0
0.5,160,0
0.5,161,0
0.5,162,0
0.5,163,0
0.5,164,0
0.5,165,0
0.5,166,0
0.5,167,0
0.5,168,0
0.5,169,0
0.5,170,0
0.5,171,0
0.5,172,0
0.5,173,0
0.5,174,0
0.5,175,0
0.5,176,0
0.5,177,0
0.5,178,0
0.5,179,0
0.5,180,0
0.5,181,0
0.5,182,0
0.5,183,0
0.5,184,0
0.5,185,0
0.5,186,0
0.5,187,0
0.5,188,0
0.5,189,0
0.5,190,0
0.5,191,0
0.5,192,0
0.5,193,0
0.5,194,0
0.5,195,0
0.5,196,0
0.5,197,0
0.5,198,0
0.5,199,0
0.5,200,0
0.5,201,0
0.5,202,0
0.5,203,0
0.5,204,0
0.5,205,0
0.5,206,0
0.5,207,0
0.5,208,0
0.5,209,0
0.5,210,0
0.5,211,0
0.5,212,0
0.5,213,0
0.5,214,0
0.5,215,0
0.5,216,0
0.5,217,0
0.5,218,0
0.5,219,0
0.5,220,0
0.5,221,0
0.5,222,0
0.5,223,0
0.5,224,0
0.5,225,0
0.5,226,0
0.5,227,0
0.5,228,0
0.5,229,0
0.5,230,0
0.5,231,0
0.5,232,0
0.5,233,0
0.5,234,0
0.5,235,0
0.5,236,0
0.5,237,0
0.5,238,0
0.5,239,0
0.5,240,0
0.5,241,0
0.5,242,0
0.5,243,0
0.5,244,0
0.5,245,0
0.5,246,0
0.5,247,0
0.5,248,0
0.5,249,0
0.5,250,0
0.5,251,0
0.5,252,0
0.5,253,0
0.5,254,0
0.5,255,0
0.5,256,0
0.5,257,0
0.5,258,0
0.5,259,0
0.5,260,0
0.5,261,0
0.5,262,0
0.5,263,0
0.5,264,0
0.5,265,0
0.5,266,0
0.5,267,0
0.5,268,0
0.5,269,0
0.5,270,0
0.5,271,0
0.5,272,0
0.5,273,0
0.5,274,0
0.5,275,0
0.5,276,0
0.5,277,0
0.5,278,0
0.5,279,0
0.5,280,0
0.5,281,0
0.5,282,0
0.5,283,0
0.5,284,0
0.5,285,0
0.5,286,0
0.5,287,0
0.5,288,0
0.5,289,0
0.5,290,0
0.5,291,0
0.5,292,0
0.5,293,0
0.5,294,0
0.5,295,0
0.5,296,0
0.5,297,0
0.5,298,0
0.5,299,0
0.5,300,0
0.5,301,0
0.5,302,0
0.5,303,0
0.5,304,0
0.5,305,0
0.5,306,0
0.5,307,0
0.5,308,0
0.5,309,0
0.5,310,0
0.5,311,0
0.5,312,0
0.5,313,0
0.5,314,0
0.5,315,0
0.5,316,0
0.5,317,0
0.5,318,0
0.5,319,0
0.5,320,0
0.5,321,0
0.5,322,0
0.5,323,0
0.5,324,0
0.5,325,0
0.5,326,0
0.5,327,0
0.5,328,0
0.5,329,0
0.5,330,0
0.5,331,0
0.5,332,0
0.5,333,0
0.5,334,0
0.5,335,0
0.5,336,0
0.5,337,0
0.5,338,0
0.5,339,0
0.5,340,0
0.5,341,0
0.5,342,0
0.5,343,0
0.5,344,0
0.5,345,0
0.5,346,0
0.5,347,0
0.5,348,0
0.5,349,0
0.5,350,0
0.5,351,0
0.5,352,0
0.5,353,0
0.5,354,0
0.5,355,0
0.5,356,0
0.5,357,0
0.5,358,0
0.5,359,0
0.5,360,0
0.5,361,0
0.5,362,0
0.5,363,0
0.5,364,0
0.5,365,0
0.5,366,0
0.5,367,0
0.5,368,0
0.5,369,0
0.5,370,0
0.5,371,0
0.5,372,0
0.5,373,0
0.5,374,0
0.5,375,0
0.5,376,0
0.5,377,0
0.5,378,0
0.5,379,0
0.5,380,0
0.5,381,0
0.5,382,0
0.5,383,0
0.5,384,0
0.5,385,0
0.5,386,0
0.5,387,0
0.5,388,0
0.5,389,0
0.5,390,0
0.5,391,0
0.5,392,0
0.5,393,0
0.5,394,0
0.5,395,0
0.5,396,0
0.5,397,0
0.5,398,0
0.5,399,0
0.5,400,0
0.5,401,0
0.5,402,0
0.5,403,0
0.5,404,0
0.5,405,0
0.5,406,0
0.5,407,0
0.5,408,0
0.5,409,0
0.5,410,0
0.5,411,0
0.5,412,0
0.5,413,0
0.5,414,0
0.5,415,0
0.5,416,0
0.5,417,0
0.5,418,0
0.5,419,0
0.5,420,0
0.5,421,0
0.5,422,0
0.5,423,0
0.5,424,0
0.5,425,0
0.5,426,0
0.5,427,0
0.5,428,0
0.5,429,0
0.5,430,0
0.5,431,0
0.5,432,0
0.5,433,0
0.5,434,0
0.5,435,0
0.5,436,0
0.5,437,0
0.5,438,0
0.5,439,0
0.5,440,0
0.5,441,0
0.5,442,0
0.5,443,0
0.5,444,0
0.5,445,0
0.5,446,0
0.5,447,0
0.5,448,0
0.5,449,0
0.5,450,0
0.5,451,0
0.5,452,0
0.5,453,0
0.5,454,0
0.5,455,0
0.5,456,0
0.5,457,0
0.5,458,0
0.5,459,0
0.5,460,0
0.5,461,0
0.5,462,0
0.5,463,0
0.5,464,0
0.5,465,0
0.5,466,0
0.5,467,0
0.5,468,0
0.5,469,0
0.5,470,0
0.5,471,0
0.5,472,0
0.5,473,0
0.5,474,0
0.5,475,0
0.5,476,0
0.5,477,0
0.5,478,0
0.5,479,0
0.5,480,0
0.5,481,0
0.5,482,0
0.5,483,0
0.5,484,0
0.5,485,0
0.5,486,0
0.5,487,0
0.5,488,0
0.5,489,0
0.5,490,0
0.5,491,0
0.5,492,0
0.5,493,0
0.5,494,0
0.5,495,0
0.5,496,0
0.5,497,0
0.5,498,0
0.5,499,0
0.5,500,0
1,0,0.00046
1,1,0.02618
1,2,0.02319
1,3,0.02093
1,4,0.01889
1,5,0.01707
1,6,0.01567
1,7,0.01438
1,8,0.01333
1,9,0.01239
1,10,0.01143
1,11,0.01018
1,12,0.00934
1,13,0.00915
1,14,0.008
1,15,0.0074
1,16,0.00722
1,17,0.0064
1,18,0.00662
1,19,0.00555
1,20,0.00498
1,21,0.00434
1,22,0.00478
1,23,0.00441
1,24,0.00397
1,25,0.00326
1,26,0.00363
1,27,0.00339
1,28,0.00294
1,29,0.00257
1,30,0.00248
1,31,0.00228
1,32,0.0021
1,33,0.00196
1,34,0.00168
1,35,0.00166
1,36,0.00177
1,37,0.00157
1,38,0.00137
1,39,0.00139
1,40,0.00143
1,41,0.00121
1,42,0.00109
1,43,0.0012
1,44,0.00115
1,45,0.00074
1,46,0.00089
1,47,0.0007
1,48,0.00076
1,49,0.00067
1,50,0.00064
1,51,0.00061
1,52,0.00056
1,53,0.0006
1,54,0.0005
1,55,0.0005
1,56,0.00051
1,57,0.00043
1,58,0.00037
1,59,0.0003
1,60,0.00028
1,61,0.00024
1,62,0.00022
1,63,0.00026
1,64,0.00026
1,65,0.00014
1,66,0.00019
1,67,0.0002
1,68,0.00018
1,69,0.00015
1,70,8e-05
1,71,0.00015
1,72,0.00014
1,73,0.00021
1,74,0.00011
1,75,0.0001
1,76,0.00017
1,77,0.0001
1,78,0.00015
1,79,6e-05
1,80,9e-05
1,81,5e-05
1,82,9e-05
1,83,7e-05
1,84,6e-05
1,85,6e-05
1,86,4e-05
1,87,4e-05
1,88,3e-05
1,89,5e-05
1,90,5e-05
1,91,1e-05
1,92,3e-05
1,93,1e-05
1,94,4e-05
1,95,2e-05
1,96,3e-05
1,97,2e-05
1,98,1e-05
1,99,2e-05
1,100,1e-05
1,101,2e-05
1,102,1e-05
1,103,3e-05
1,104,3e-05
1,105,0
1,106,2e-05
1,107,2e-05
1,108,7e-05
1,109,2e-05
1,110,1e-05
1,111,0
1,112,0
1,113,2e-05
1,114,2e-05
1,115,0
1,116,1e-05
1,117,2e-05
1,118,1e-05
1,119,1e-05
1,120,0
1,121,0
1,122,0
1,123,0
1,124,0
1,125,0
1,126,0
1,127,0
1,128,0
1,129,0
1,130,0
1,131,0
1,132,1e-05
1,133,0
1,134,0
1,135,0
1,136,0
1,137,0
1,138,0
1,139,0
1,140,0
1,141,0
1,142,0
1,143,1e-05
1,144,0
1,145,0
1,146,0
1,147,1e-05
1,148,0
1,149,0
1,150,0
1,151,0
1,152,0
1,153,0
1,154,1e-05
1,155,0
1,156,0
1,157,0
1,158,0
1,159,0
1,160,0
1,161,0
1,162,0
1,163,0
1,164,0
1,165,0
1,166,0
1,167,0
1,168,0
1,169,0
1,170,0
1,171,0
1,172,0
1,173,0
1,174,0
1,175,0
1,176,0
1,177,0
1,178,0
1,179,0
1,180,0
1,181,0
1,182,0
1,183,0
1,184,0
1,185,0
1,186,0
1,187,0
1,188,0
1,189,0
1,190,0
1,191,0
1,192,0
1,193,0
1,194,0
1,195,0
1,196,0
1,197,0
1,198,0
1,199,0
1,200,0
1,201,0
1,202,0
1,203,0
1,204,0
1,205,0
1,206,0
1,207,0
1,208,0
1,209,0
1,210,0
1,211,0
1,212,0
1,213,0
1,214,0
1,215,0
1,216,0
1,217,0
1,218,0
1,219,0
1,220,0
1,221,0
1,222,0
1,223,0
1,224,0
1,225,0
1,226,0
1,227,0
1,228,0
1,229,0
1,230,0
1,231,0
1,232,0
1,233,0
1,234,0
1,235,0
1,236,0
1,237,0
1,238,0
1,239,0
1,240,0
1,241,0
1,242,0
1,243,0
1,244,0
1,245,0
1,246,0
1,247,0
1,248,0
1,249,0
1,250,0
1,251,0
1,252,0
1,253,0
1,254,0
1,255,0
1,256,0
1,257,0
1,258,0
1,259,0
1,260,0
1,261,0
1,262,0
1,263,0
1,264,0
1,265,0
1,266,0
1,267,0
1,268,0
1,269,0
1,270,0
1,271,0
1,272,0
1,273,0
1,274,0
1,275,0
1,276,0
1,277,0
1,278,0
1,279,0
1,280,0
1,281,0
1,282,0
1,283,0
1,284,0
1,285,0
1,286,0
1,287,0
1,288,0
1,289,0
1,290,0
1,291,0
1,292,0
1,293,0
1,294,0
1,295,0
1,296,0
1,297,0
1,298,0
1,299,0
1,300,0
1,301,0
1,302,0
1,303,0
1,304,0
1,305,0
1,306,0
1,307,0
1,308,0
1,309,0
1,310,0
1,311,0
1,312,0
1,313,0
1,314,0
1,315,0
1,316,0
1,317,0
1,318,0
1,319,0
1,320,0
1,321,0
1,322,0
1,323,0
1,324,0
1,325,0
1,326,0
1,327,0
1,328,0
1,329,0
1,330,0
1,331,0
1,332,0
1,333,0
1,334,0
1,335,0
1,336,0
1,337,0
1,338,0
1,339,0
1,340,0
1,341,0
1,342,0
1,343,0
1,344,0
1,345,0
1,346,0
1,347,0
1,348,0
1,349,0
1,350,0
1,351,0
1,352,0
1,353,0
1,354,0
1,355,0
1,356,0
1,357,0
1,358,0
1,359,0
1,360,0
1,361,0
1,362,0
1,363,0
1,364,0
1,365,0
1,366,0
1,367,0
1,368,0
1,369,0
1,370,0
1,371,0
1,372,0
1,373,0
1,374,0
1,375,0
1,376,0
1,377,0
1,378,0
1,379,0
1,380,0
1,381,0
1,382,0
1,383,0
1,384,0
1,385,0
1,386,0
1,387,0
1,388,0
1,389,0
1,390,0
1,391,0
1,392,0
1,393,0
1,394,0
1,395,0
1,396,0
1,397,0
1,398,0
1,399,0
1,400,0
1,401,0
1,402,0
1,403,0
1,404,0
1,405,0
1,406,0
1,407,0
1,408,0
1,409,0
1,410,0
1,411,0
1,412,0
1,413,0
1,414,0
1,415,0
1,416,0
1,417,0
1,418,0
1,419,0
1,420,0
1,421,0
1,422,0
1,423,0
1,424,0
1,425,0
1,426,0
1,427,0
1,428,0
1,429,0
1,430,0
1,431,0
1,432,0
1,433,0
1,434,0
1,435,0
1,436,0
1,437,0
1,438,0
1,439,0
1,440,0
1,441,0
1,442,0
1,443,0
1,444,0
1,445,0
1,446,0
1,447,0
1,448,0
1,449,0
1,450,0
1,451,0
1,452,0
1,453,0
1,454,0
1,455,0
1,456,0
1,457,0
1,458,0
1,459,0
1,460,0
1,461,0
1,462,0
1,463,0
1,464,0
1,465,0
1,466,0
1,467,0
1,468,0
1,469,0
1,470,0
1,471,0
1,472,0
1,473,0
1,474,0
1,475,0
1,476,0
1,477,0
1,478,0
1,479,0
1,480,0
1,481,0
1,482,0
1,483,0
1,484,0
1,485,0
1,486,0
1,487,0
1,488,0
1,489,0
1,490,0
1,491,0
1,492,0
1,493,0
1,494,0
1,495,0
1,496,0
1,497,0
1,498,0
1,499,0
1,500,0
