SeedDensity,PlantDensity,Run,pEscape,timeEscape,pExtinct,timeExtinct,pRWplant,timeRWplant,pRRplant,timeRRplant
80,1,1,0.336,16.0238095238095,0.664,Inf,1,16.0386904761905,1,17.0089285714286
80,1,2,0.313,8.19568567026194,0.687,Inf,1,17.0159744408946,1,17.9712460063898
80,1,3,0.298,5.06652587117212,0.702,Inf,1,16.1107382550336,1,17.0906040268456
80,1,4,0.34,4.45454545454545,0.66,Inf,1,16.8823529411765,1,17.8411764705882
80,1,5,0.299,3.12736443883985,0.701,Inf,1,16.6053511705686,1,17.5719063545151
80,1,6,0.325,2.63579277864992,0.675,Inf,1,15.5107692307692,1,16.4861538461538
80,1,7,0.335,2.72395369545859,0.665,Inf,1,18.2686567164179,1,19.2567164179104
80,1,8,0.321,1.99493572263342,0.679,Inf,1,15.9719626168224,1,16.9345794392523
80,1,9,0.32,1.79632836854867,0.68,Inf,1,16.21875,1,17.19375
80,1,10,0.328,1.78849144634526,0.672,Inf,1,17.5335365853659,1,18.5243902439024
80,1,11,0.301,1.45932878270762,0.699,Inf,1,17.0564784053156,1,18.0365448504983
80,1,12,0.312,1.30668756530826,0.688,Inf,1,16.0480769230769,1,17.0160256410256
80,1,13,0.321,1.30151843817787,0.679,Inf,1,16.8473520249221,1,17.797507788162
80,1,14,0.314,0.965718126820524,0.686,Inf,1,13.7324840764331,1,14.7197452229299
80,1,15,0.317,1.00062761506276,0.683,Inf,1,15.1009463722397,1,16.0757097791798
80,1,16,0.298,0.951752658526979,0.702,Inf,1,16.2281879194631,1,17.2080536912752
80,1,17,0.306,1.07540861812779,0.694,Inf,1,18.9313725490196,1,19.9117647058824
80,1,18,0.306,0.951318101933216,0.694,Inf,1,17.702614379085,1,18.6764705882353
80,1,19,0.314,0.884410393071286,0.686,Inf,1,16.9363057324841,1,17.8853503184713
80,1,20,0.321,0.838418972332016,0.679,Inf,1,16.5327102803738,1,17.5077881619938
80,1,21,0.316,0.831350700195754,0.684,Inf,1,17.496835443038,1,18.4462025316456
80,1,22,0.327,0.871125143513203,0.673,Inf,1,18.5749235474006,1,19.5504587155963
80,1,23,0.331,0.715851486505001,0.669,Inf,1,15.8036253776435,1,16.7673716012085
80,1,24,0.33,0.816358631537554,0.67,Inf,1,18.8757575757576,1,19.8666666666667
80,1,25,0.31,0.69593147751606,0.69,Inf,1,17.8258064516129,1,18.8193548387097
80,1,26,0.308,0.658906268946283,0.692,Inf,1,17.6688311688312,1,18.6168831168831
80,1,27,0.312,0.670755929431008,0.688,Inf,1,18.4198717948718,1,19.3814102564103
80,1,28,0.323,0.572281017788786,0.677,Inf,1,15.7554179566563,1,16.71826625387
80,1,29,0.338,0.655097613882863,0.662,Inf,1,17.8816568047337,1,18.8579881656805
80,1,30,0.296,0.561790668348045,0.704,Inf,1,18.0709459459459,1,19.0506756756757
80,1,31,0.313,0.554379896225455,0.687,Inf,1,17.4153354632588,1,18.4025559105431
80,1,32,0.323,0.61613475177305,0.677,Inf,1,19.3839009287926,1,20.3467492260062
80,1,33,0.319,0.495750167128259,0.681,Inf,1,16.2852664576803,1,17.2601880877743
80,1,34,0.317,0.531701890989989,0.683,Inf,1,18.1072555205047,1,19.0820189274448
80,1,35,0.299,0.468747181383602,0.701,Inf,1,17.3946488294314,1,18.3678929765886
80,1,36,0.325,0.385821941815633,0.675,Inf,1,13.5507692307692,1,14.5446153846154
80,1,37,0.325,0.494248956292068,0.675,Inf,1,17.8615384615385,1,18.8369230769231
80,1,38,0.326,0.398574152366741,0.674,Inf,1,14.7515337423313,1,15.7453987730061
80,1,39,0.295,0.446916976857097,0.705,Inf,1,18.7491525423729,1,19.6949152542373
80,1,40,0.325,0.434439801308839,0.675,Inf,1,16.9753846153846,1,17.9323076923077
80,1,41,0.323,0.436798400738121,0.677,Inf,1,17.6006191950464,1,18.5758513931889
80,1,42,0.326,0.417716771677168,0.674,Inf,1,17.0920245398773,1,18.0705521472393
80,1,43,0.321,0.376986742840401,0.679,Inf,1,16.0654205607477,1,17.0031152647975
80,1,44,0.304,0.370136848893029,0.696,Inf,1,17.0032894736842,1,17.9835526315789
80,1,45,0.312,0.378933352021866,0.688,Inf,1,17.3429487179487,1,18.3173076923077
80,1,46,0.325,0.375633822118679,0.675,Inf,1,16.8892307692308,1,17.8461538461538
80,1,47,0.326,0.323056300268097,0.674,Inf,1,14.8128834355828,1,15.7576687116564
80,1,48,0.324,0.351220152191026,0.676,Inf,1,16.5432098765432,1,17.5061728395062
80,1,49,0.334,0.380279881884709,0.666,Inf,1,17.751497005988,1,18.7215568862275
80,1,50,0.313,0.379648857844063,0.687,Inf,1,19.2811501597444,1,20.2683706070288
80,1,51,0.327,0.329942039708965,0.673,Inf,1,16.3669724770642,1,17.3608562691131
80,1,52,0.319,0.304529237467497,0.681,Inf,1,15.8056426332288,1,16.7680250783699
80,1,53,0.314,0.353154115482761,0.686,Inf,1,18.9808917197452,1,19.9235668789809
80,1,54,0.315,0.264243271583362,0.685,Inf,1,14.4222222222222,1,15.3777777777778
80,1,55,0.308,0.309431154858647,0.692,Inf,1,17.5746753246753,1,18.5357142857143
80,1,56,0.325,0.291589415135682,0.675,Inf,1,15.9815384615385,1,16.9569230769231
80,1,57,0.304,0.258023532011269,0.696,Inf,1,15.375,1,16.3552631578947
80,1,58,0.324,0.323112823574103,0.676,Inf,1,18.391975308642,1,19.3611111111111
80,1,59,0.318,0.305628167511336,0.682,Inf,1,18.0251572327044,1,19.0062893081761
80,1,60,0.312,0.285931678648266,0.688,Inf,1,17.4903846153846,1,18.4391025641026
80,1,61,0.298,0.267786101782485,0.702,Inf,1,17.4060402684564,1,18.3791946308725
80,1,62,0.294,0.220927273652603,0.706,Inf,1,14.7789115646259,1,15.7517006802721
80,1,63,0.31,0.244150508542512,0.69,Inf,1,15.7322580645161,1,16.7
80,1,64,0.325,0.259514888582134,0.675,Inf,1,16.2092307692308,1,17.1846153846154
80,1,65,0.309,0.251638906424513,0.691,Inf,1,16.789644012945,1,17.747572815534
80,1,66,0.327,0.266682600382409,0.673,Inf,1,17.0795107033639,1,18.039755351682
80,1,67,0.332,0.277103331451158,0.668,Inf,1,17.7469879518072,1,18.7289156626506
80,1,68,0.306,0.276417107338343,0.694,Inf,1,19.483660130719,1,20.4640522875817
80,1,69,0.313,0.275021718257053,0.687,Inf,1,19.2268370607029,1,20.2076677316294
80,1,70,0.3,0.223309728925173,0.7,Inf,1,16.5333333333333,1,17.4733333333333
80,1,71,0.301,0.223967604129583,0.699,Inf,1,16.7408637873754,1,17.7009966777409
80,1,72,0.335,0.272109440084185,0.665,Inf,1,18.5432835820896,1,19.5074626865672
80,1,73,0.295,0.234265431564367,0.705,Inf,1,18.3559322033898,1,19.335593220339
80,1,74,0.309,0.231045235145872,0.691,Inf,1,17.5339805825243,1,18.4757281553398
80,1,75,0.316,0.206852952332785,0.684,Inf,1,15.5537974683544,1,16.5094936708861
80,1,76,0.318,0.233936369307548,0.682,Inf,1,17.6949685534591,1,18.6823899371069
80,1,77,0.307,0.194480946123522,0.693,Inf,1,15.4397394136808,1,16.413680781759
80,1,78,0.33,0.202941414796208,0.67,Inf,1,15.2,1,16.1575757575758
80,1,79,0.311,0.20033609410635,0.689,Inf,1,16.1157556270096,1,17.0836012861736
80,1,80,0.32,0.183700075060246,0.68,Inf,1,14.546875,1,15.515625
80,1,81,0.322,0.233664911254145,0.678,Inf,1,18.6149068322981,1,19.5900621118012
80,1,82,0.307,0.199444915580911,0.693,Inf,1,16.8631921824104,1,17.8436482084691
80,1,83,0.33,0.204285931790499,0.67,Inf,1,16.2727272727273,1,17.2545454545455
80,1,84,0.287,0.197070672841598,0.713,Inf,1,18.2613240418118,1,19.212543554007
80,1,85,0.305,0.169185527099464,0.695,Inf,1,14.9114754098361,1,15.8918032786885
80,1,86,0.305,0.192204350546579,0.695,Inf,1,17.144262295082,1,18.0983606557377
80,1,87,0.314,0.191172724957246,0.686,Inf,1,16.7547770700637,1,17.7101910828025
80,1,88,0.336,0.195693590711384,0.664,Inf,1,16.2113095238095,1,17.1934523809524
80,1,89,0.309,0.210821956769056,0.691,Inf,1,19.2006472491909,1,20.1812297734628
80,1,90,0.308,0.197812631875088,0.692,Inf,1,18.2792207792208,1,19.2467532467532
80,1,91,0.343,0.233017130546579,0.657,Inf,1,19.5685131195335,1,20.530612244898
80,1,92,0.301,0.183218707015131,0.699,Inf,1,17.7109634551495,1,18.6910299003322
80,1,93,0.286,0.177245794456174,0.714,Inf,1,18.2097902097902,1,19.1888111888112
80,1,94,0.286,0.130008093889114,0.714,Inf,1,13.5034965034965,1,14.4545454545455
80,1,95,0.315,0.178596456101712,0.685,Inf,1,16.9968253968254,1,17.984126984127
80,1,96,0.341,0.203213672957635,0.659,Inf,1,18.0733137829912,1,19.049853372434
80,1,97,0.313,0.17768851441821,0.687,Inf,1,17.3865814696486,1,18.3801916932907
80,1,98,0.337,0.180405710963241,0.663,Inf,1,16.593471810089,1,17.5519287833828
80,1,99,0.314,0.160463034024047,0.686,Inf,1,16,1,16.9617834394904
80,1,100,0.301,0.164285940518798,0.699,Inf,1,17.2491694352159,1,18.2159468438538
120,1.5,1,0.402,0.209672821714756,0.598,Inf,1,16.4751243781095,1,17.4601990049751
120,1.5,2,0.354,0.168720108953853,0.646,Inf,1,15.0734463276836,1,16.0225988700565
120,1.5,3,0.411,0.207582428023944,0.589,Inf,1,15.963503649635,1,16.9294403892944
120,1.5,4,0.378,0.190194153232192,0.622,Inf,1,15.9047619047619,1,16.8650793650794
120,1.5,5,0.365,0.182941120577709,0.635,Inf,1,15.8547945205479,1,16.7945205479452
120,1.5,6,0.391,0.184208025844867,0.609,Inf,1,14.8874680306905,1,15.8618925831202
120,1.5,7,0.408,0.20527032591138,0.592,Inf,1,15.9093137254902,1,16.8602941176471
120,1.5,8,0.388,0.199474234314129,0.612,Inf,1,16.2448453608247,1,17.2164948453608
120,1.5,9,0.393,0.191080986919203,0.607,Inf,1,15.3638676844784,1,16.3358778625954
120,1.5,10,0.391,0.193203053241694,0.609,Inf,1,15.6265984654731,1,16.5754475703325
120,1.5,11,0.384,0.192221201659646,0.616,Inf,1,15.8151041666667,1,16.7942708333333
120,1.5,12,0.376,0.18902226586007,0.624,Inf,1,15.8829787234043,1,16.8617021276596
120,1.5,13,0.392,0.190922623760808,0.608,Inf,1,15.3877551020408,1,16.3673469387755
120,1.5,14,0.399,0.206980648022044,0.601,Inf,1,16.3884711779449,1,17.3684210526316
120,1.5,15,0.403,0.184366389003262,0.597,Inf,1,14.4615384615385,1,15.4267990074442
120,1.5,16,0.392,0.194374940613816,0.608,Inf,1,15.6683673469388,1,16.6428571428571
120,1.5,17,0.398,0.20770911855066,0.602,Inf,1,16.5,1,17.4547738693467
120,1.5,18,0.414,0.234662528109461,0.586,Inf,1,17.9178743961353,1,18.8743961352657
120,1.5,19,0.368,0.167674912108447,0.632,Inf,1,14.4157608695652,1,15.3559782608696
120,1.5,20,0.387,0.191302695340956,0.613,Inf,1,15.625322997416,1,16.5891472868217
120,1.5,21,0.379,0.188483831121528,0.621,Inf,1,15.712401055409,1,16.6912928759894
120,1.5,22,0.402,0.19852405536376,0.598,Inf,1,15.6044776119403,1,16.5796019900498
120,1.5,23,0.369,0.185221550058594,0.631,Inf,1,15.8536585365854,1,16.8428184281843
120,1.5,24,0.394,0.215215532258575,0.606,Inf,1,17.261421319797,1,18.2309644670051
120,1.5,25,0.386,0.172299116333576,0.614,Inf,1,14.1113989637306,1,15.0751295336788
120,1.5,26,0.394,0.201976372216767,0.606,Inf,1,16.2131979695431,1,17.1573604060914
120,1.5,27,0.4,0.198492382732081,0.6,Inf,1,15.69,1,16.645
120,1.5,28,0.388,0.17800019003579,0.612,Inf,1,14.5025773195876,1,15.4664948453608
120,1.5,29,0.39,0.212681721724258,0.61,Inf,1,17.2333333333333,1,18.2025641025641
120,1.5,30,0.406,0.19085927849745,0.594,Inf,1,14.8743842364532,1,15.8054187192118
120,1.5,31,0.397,0.190447534285624,0.603,Inf,1,15.1561712846348,1,16.1360201511335
120,1.5,32,0.363,0.184619770056694,0.637,Inf,1,16.0771349862259,1,17.0385674931129
120,1.5,33,0.375,0.168941817375606,0.625,Inf,1,14.2453333333333,1,15.2026666666667
120,1.5,34,0.38,0.198460710100402,0.62,Inf,1,16.5157894736842,1,17.4631578947368
120,1.5,35,0.393,0.199505906945808,0.607,Inf,1,16.0483460559796,1,17.0076335877863
120,1.5,36,0.388,0.186266746904,0.612,Inf,1,15.180412371134,1,16.1340206185567
120,1.5,37,0.397,0.177525100560606,0.603,Inf,1,14.1335012594458,1,15.103274559194
120,1.5,38,0.371,0.165616191049314,0.629,Inf,1,14.1159029649596,1,15.0673854447439
120,1.5,39,0.405,0.183986317423115,0.595,Inf,1,14.362962962963,1,15.3234567901235
120,1.5,40,0.346,0.173249295283945,0.654,Inf,1,15.8265895953757,1,16.7890173410405
120,1.5,41,0.367,0.206030469071675,0.633,Inf,1,17.7438692098093,1,18.7029972752044
120,1.5,42,0.406,0.220346498590568,0.594,Inf,1,17.1428571428571,1,18.128078817734
120,1.5,43,0.397,0.191049314287524,0.603,Inf,1,15.2115869017632,1,16.176322418136
120,1.5,44,0.375,0.187280271117727,0.625,Inf,1,15.7813333333333,1,16.7546666666667
120,1.5,45,0.389,0.193709815348557,0.611,Inf,1,15.7377892030848,1,16.7043701799486
120,1.5,46,0.377,0.21445538909828,0.623,Inf,1,17.9761273209549,1,18.9442970822281
120,1.5,47,0.392,0.201184556424793,0.608,Inf,1,16.2142857142857,1,17.1938775510204
120,1.5,48,0.401,0.200487758527856,0.599,Inf,1,15.8029925187032,1,16.7680798004988
120,1.5,49,0.386,0.194406613245495,0.614,Inf,1,15.9067357512953,1,16.8963730569948
120,1.5,50,0.38,0.201247901688151,0.62,Inf,1,16.7368421052632,1,17.7026315789474
120,1.5,51,0.421,0.212745066987616,0.579,Inf,1,15.9714964370546,1,16.938242280285
120,1.5,52,0.37,0.204256801697653,0.63,Inf,1,17.4405405405405,1,18.4189189189189
120,1.5,53,0.397,0.215310550153612,0.603,Inf,1,17.1284634760705,1,18.1158690176322
120,1.5,54,0.403,0.188578849016565,0.597,Inf,1,14.7890818858561,1,15.7593052109181
120,1.5,55,0.398,0.187660342697875,0.602,Inf,1,14.9020100502513,1,15.8693467336683
120,1.5,56,0.381,0.20618883223007,0.619,Inf,1,17.0997375328084,1,18.0734908136483
120,1.5,57,0.392,0.195071738510753,0.608,Inf,1,15.719387755102,1,16.7040816326531
120,1.5,58,0.387,0.184556424793336,0.613,Inf,1,15.0749354005168,1,16.0387596899225
120,1.5,59,0.403,0.188578849016565,0.597,Inf,1,14.7866004962779,1,15.7617866004963
120,1.5,60,0.404,0.22303867228328,0.596,Inf,1,17.4405940594059,1,18.4207920792079
120,1.5,61,0.392,0.163747505780255,0.608,Inf,1,13.2066326530612,1,14.1709183673469
120,1.5,62,0.403,0.226332625977892,0.597,Inf,1,17.7444168734491,1,18.7196029776675
120,1.5,63,0.358,0.169480252114148,0.642,Inf,1,14.9776536312849,1,15.9162011173184
120,1.5,64,0.388,0.190954296392487,0.612,Inf,1,15.5541237113402,1,16.5231958762887
120,1.5,65,0.384,0.190130807968834,0.616,Inf,1,15.6536458333333,1,16.6119791666667
120,1.5,66,0.357,0.182782757419314,0.643,Inf,1,16.1960784313725,1,17.1344537815126
120,1.5,67,0.406,0.196877078516454,0.594,Inf,1,15.3325123152709,1,16.2881773399015
120,1.5,68,0.364,0.181230798467045,0.636,Inf,1,15.728021978022,1,16.7115384615385
120,1.5,69,0.401,0.220093117537136,0.599,Inf,1,17.354114713217,1,18.3017456359102
120,1.5,70,0.374,0.170557121591233,0.626,Inf,1,14.4224598930481,1,15.3743315508021
120,1.5,71,0.369,0.176004814240015,0.631,Inf,1,15.0731707317073,1,16.0460704607046
120,1.5,72,0.371,0.189560700598613,0.629,Inf,1,16.1401617250674,1,17.1239892183288
120,1.5,73,0.4,0.196972096411491,0.6,Inf,1,15.5675,1,16.5275
120,1.5,74,0.385,0.191872802711177,0.615,Inf,1,15.7558441558442,1,16.7142857142857
120,1.5,75,0.407,0.201976372216767,0.593,Inf,1,15.6781326781327,1,16.6584766584767
120,1.5,76,0.382,0.206378868020144,0.618,Inf,1,17.0732984293194,1,18.0392670157068
120,1.5,77,0.378,0.178380261615938,0.622,Inf,1,14.9179894179894,1,15.8809523809524
120,1.5,78,0.412,0.21752763437114,0.588,Inf,1,16.6917475728155,1,17.6480582524272
120,1.5,79,0.382,0.192252874291325,0.618,Inf,1,15.9057591623037,1,16.8743455497382
120,1.5,80,0.41,0.199315871155734,0.59,Inf,1,15.3658536585366,1,16.3317073170732
120,1.5,81,0.413,0.213346846989516,0.587,Inf,1,16.3535108958838,1,17.2663438256659
120,1.5,82,0.371,0.18718525322269,0.629,Inf,1,15.9407008086253,1,16.9191374663073
120,1.5,83,0.376,0.200519431159535,0.624,Inf,1,16.8643617021277,1,17.811170212766
120,1.5,84,0.392,0.229183162828999,0.608,Inf,1,18.4795918367347,1,19.4387755102041
120,1.5,85,0.35,0.159376682608558,0.65,Inf,1,14.3914285714286,1,15.3628571428571
120,1.5,86,0.39,0.190320843758908,0.61,Inf,1,15.4282051282051,1,16.3871794871795
120,1.5,87,0.398,0.206727266968612,0.602,Inf,1,16.4246231155779,1,17.3743718592965
120,1.5,88,0.412,0.211446489088778,0.588,Inf,1,16.2208737864078,1,17.1868932038835
120,1.5,89,0.393,0.224083869128686,0.607,Inf,1,18.0178117048346,1,18.9872773536896
120,1.5,90,0.4,0.20251480695531,0.6,Inf,1,16.005,1,16.965
120,1.5,91,0.408,0.213726918569664,0.592,Inf,1,16.5612745098039,1,17.5171568627451
120,1.5,92,0.361,0.183257846894498,0.639,Inf,1,16.0387811634349,1,17.0138504155125
120,1.5,93,0.384,0.207297374338834,0.616,Inf,1,17.0572916666667,1,18.03125
120,1.5,94,0.365,0.187406961644443,0.635,Inf,1,16.2301369863014,1,17.1917808219178
120,1.5,95,0.385,0.206378868020144,0.615,Inf,1,16.9480519480519,1,17.9012987012987
120,1.5,96,0.382,0.188547176384886,0.618,Inf,1,15.6073298429319,1,16.5549738219895
120,1.5,97,0.384,0.182022614259019,0.616,Inf,1,14.9869791666667,1,15.9453125
120,1.5,98,0.388,0.201374592214867,0.612,Inf,1,16.3917525773196,1,17.3814432989691
120,1.5,99,0.388,0.183574573211288,0.612,Inf,1,14.9561855670103,1,15.9201030927835
120,1.5,100,0.385,0.18351122794793,0.615,Inf,1,15.0701298701299,1,16.0285714285714
160,2,1,0.431,0.172457479491971,0.569,169.300527240773,1,12.6496519721578,1,13.614849187935
160,2,2,0.467,0.20894435118614,0.533,82.5807622504537,1,14.1498929336188,1,15.1006423982869
160,2,3,0.435,0.192062838501251,0.565,56.7390521895621,1,13.9655172413793,1,14.9126436781609
160,2,4,0.451,0.216672473315808,0.549,41.9864620938628,1,15.1840354767184,1,16.1529933481153
160,2,5,0.46,0.201311246951509,0.54,33.5533381712627,1,13.845652173913,1,14.7891304347826
160,2,6,0.427,0.210939726981915,0.573,29.2811655151697,1,15.6088992974239,1,16.5831381733021
160,2,7,0.451,0.20986285750483,0.549,24.0776173285199,1,14.7073170731707,1,15.6762749445676
160,2,8,0.42,0.178221898457543,0.58,22.1061013907582,1,13.4142857142857,1,14.3785714285714
160,2,9,0.434,0.221328350172616,0.566,19.3483280254777,1,16.1267281105991,1,17.073732718894
160,2,10,0.425,0.176416558451842,0.575,17.4318628326487,1,13.1317647058824,1,14.08
160,2,11,0.441,0.212238304880753,0.559,15.2965248457291,1,15.2086167800454,1,16.1814058956916
160,2,12,0.431,0.199949323789314,0.569,14.398394529508,1,14.6798143851508,1,15.614849187935
160,2,13,0.435,0.213315174357837,0.565,13.2198299506308,1,15.5011494252874,1,16.464367816092
160,2,14,0.458,0.209071041712856,0.542,11.7632116415624,1,14.4301310043668,1,15.3951965065502
160,2,15,0.434,0.194153232192063,0.566,11.3554761904762,1,14.1520737327189,1,15.0967741935484
160,2,16,0.423,0.18965571849365,0.577,10.909658014927,1,14.1678486997636,1,15.1418439716312
160,2,17,0.444,0.209007696449498,0.556,9.79586698835624,1,14.8851351351351,1,15.8400900900901
160,2,18,0.46,0.220061444905457,0.54,9.19021145636851,1,15.1413043478261,1,16.0652173913043
160,2,19,0.438,0.217242580686029,0.562,8.95251527973672,1,15.6643835616438,1,16.6529680365297
160,2,20,0.422,0.199410889050771,0.578,8.74725764737358,1,14.9407582938389,1,15.8957345971564
160,2,21,0.446,0.210496310138409,0.554,8.06960142772159,1,14.9192825112108,1,15.8811659192825
160,2,22,0.45,0.220346498590568,0.55,7.53616952179914,1,15.4844444444444,1,16.4333333333333
160,2,23,0.44,0.216735818579166,0.56,7.43356371825736,1,15.5795454545455,1,16.525
160,2,24,0.464,0.212428340670826,0.536,6.7819279803176,1,14.4719827586207,1,15.4375
160,2,25,0.453,0.198935799575587,0.547,6.6634670487106,1,13.8852097130243,1,14.8454746136865
160,2,26,0.438,0.200772812212967,0.562,6.53918193086352,1,14.4977168949772,1,15.4474885844749
160,2,27,0.457,0.203021569062173,0.543,6.07919017590441,1,14.0525164113786,1,15
160,2,28,0.428,0.186678491115827,0.572,6.17337085118629,1,13.7873831775701,1,14.7546728971963
160,2,29,0.46,0.214645424888354,0.54,5.64338258020647,1,14.7652173913043,1,15.6978260869565
160,2,30,0.452,0.210813036455199,0.548,5.57369207772795,1,14.7544247787611,1,15.6969026548673
160,2,31,0.438,0.195610173249295,0.562,5.56429687048071,1,14.1118721461187,1,15.0867579908676
160,2,32,0.415,0.20650555854686,0.585,5.52937555953447,1,15.7228915662651,1,16.6987951807229
160,2,33,0.449,0.195103411142432,0.551,5.05509417575856,1,13.7371937639198,1,14.7015590200445
160,2,34,0.449,0.214645424888354,0.551,4.92189311689681,1,15.1113585746102,1,16.075723830735
160,2,35,0.441,0.192221201659646,0.559,4.82286387139712,1,13.7981859410431,1,14.7233560090703
160,2,36,0.415,0.176733284768631,0.585,4.94159459190774,1,13.4650602409639,1,14.4265060240964
160,2,37,0.446,0.19637031640959,0.554,4.54416602167183,1,13.9237668161435,1,14.8789237668161
160,2,38,0.422,0.185379913216989,0.578,4.63072941176471,1,13.8862559241706,1,14.8530805687204
160,2,39,0.444,0.211034744876952,0.556,4.27313583417408,1,15.0337837837838,1,15.9774774774775
160,2,40,0.431,0.208722642764387,0.569,4.28263687150838,1,15.3039443155452,1,16.2761020881671
160,2,41,0.436,0.205301998543059,0.564,4.2187540869262,1,14.8876146788991,1,15.8463302752294
160,2,42,0.444,0.212681721724258,0.556,4.04196637582464,1,15.1531531531532,1,16.0945945945946
160,2,43,0.467,0.245652931302062,0.533,3.81896121191943,1,16.6231263383298,1,17.593147751606
160,2,44,0.448,0.212174959617395,0.552,3.83567941415785,1,14.9732142857143,1,15.9330357142857
160,2,45,0.426,0.1850631869002,0.574,3.87055736662161,1,13.7370892018779,1,14.6948356807512
160,2,46,0.446,0.191556076394388,0.554,3.68313365489342,1,13.585201793722,1,14.5358744394619
160,2,47,0.46,0.195293446932506,0.54,3.49916184090216,1,13.4369565217391,1,14.3717391304348
160,2,48,0.426,0.193741487980236,0.574,3.6382447244799,1,14.3708920187793,1,15.3474178403756
160,2,49,0.466,0.217559307002819,0.534,3.29836233367451,1,14.7510729613734,1,15.725321888412
160,2,50,0.45,0.215468913312007,0.55,3.32093456604314,1,15.1422222222222,1,16.0933333333333
160,2,51,0.462,0.228074620720236,0.538,3.20960483757559,1,15.6103896103896,1,16.5606060606061
160,2,52,0.478,0.233300604947265,0.522,3.05447766346751,1,15.4225941422594,1,16.397489539749
160,2,53,0.448,0.19915750799734,0.552,3.15329629378684,1,14.0580357142857,1,15.0133928571429
160,2,54,0.435,0.213156811199443,0.565,3.17338696273643,1,15.4942528735632,1,16.4413793103448
160,2,55,0.472,0.207582428023944,0.528,2.8926202998922,1,13.9152542372881,1,14.853813559322
160,2,56,0.441,0.199474234314129,0.559,3.05633622072506,1,14.312925170068,1,15.2471655328798
160,2,57,0.44,0.20311658695721,0.56,2.9819413803971,1,14.5886363636364,1,15.5590909090909
160,2,58,0.437,0.208722642764387,0.563,2.92338896974577,1,15.0983981693364,1,16.0594965675057
160,2,59,0.467,0.224400595445476,0.533,2.73941387924206,1,15.1798715203426,1,16.1605995717345
160,2,60,0.459,0.232287080733538,0.541,2.75388857254173,1,15.9978213507625,1,16.958605664488
160,2,61,0.451,0.206980648022044,0.549,2.74596060856233,1,14.5188470066519,1,15.4589800443459
160,2,62,0.422,0.217369271212745,0.578,2.84118977213428,1,16.2772511848341,1,17.2488151658768
160,2,63,0.432,0.220473189117284,0.568,2.72771091209857,1,16.1273148148148,1,17.099537037037
160,2,64,0.431,0.186361764799037,0.569,2.74847744941203,1,13.6728538283063,1,14.631090487239
160,2,65,0.443,0.217179235422671,0.557,2.62332817508566,1,15.5079006772009,1,16.4492099322799
160,2,66,0.422,0.19361479745352,0.578,2.69139966273187,1,14.5165876777251,1,15.4549763033175
160,2,67,0.434,0.209387768029646,0.566,2.57119897139184,1,15.2603686635945,1,16.2027649769585
160,2,68,0.443,0.216260729103981,0.557,2.49911583836998,1,15.4379232505643,1,16.3882618510158
160,2,69,0.449,0.20926107750293,0.551,2.42375130072841,1,14.7327394209354,1,15.6971046770601
160,2,70,0.412,0.201184556424793,0.588,2.57707287075945,1,15.4344660194175,1,16.4004854368932
160,2,71,0.413,0.192727963766509,0.587,2.55403256342295,1,14.7578692493947,1,15.7094430992736
160,2,72,0.444,0.200297722737782,0.556,2.34933160737846,1,14.2545045045045,1,15.231981981982
160,2,73,0.454,0.21293510277769,0.546,2.29071395240317,1,14.8215859030837,1,15.795154185022
160,2,74,0.459,0.202451461691952,0.541,2.21889088176838,1,13.9477124183007,1,14.9019607843137
160,2,75,0.441,0.212174959617395,0.559,2.27804481430997,1,15.2018140589569,1,16.1791383219955
160,2,76,0.46,0.189877426915402,0.54,2.17369029912411,1,13.0434782608696,1,14.0195652173913
160,2,77,0.466,0.216260729103981,0.534,2.09102142640647,1,14.6824034334764,1,15.6223175965665
160,2,78,0.439,0.195800209039369,0.561,2.17292644757433,1,14.1070615034169,1,15.0569476082005
160,2,79,0.442,0.200424413264498,0.558,2.15210179504658,1,14.3325791855204,1,15.2963800904977
160,2,80,0.443,0.193361416400089,0.557,2.12282630645994,1,13.8058690744921,1,14.7562076749436
160,2,81,0.427,0.205238653279701,0.573,2.12893221089942,1,15.1967213114754,1,16.152224824356
160,2,82,0.423,0.209197732239572,0.577,2.13688562241617,1,15.6406619385343,1,16.5886524822695
160,2,83,0.457,0.197573876413391,0.543,1.95618244703848,1,13.6783369803063,1,14.6214442013129
160,2,84,0.44,0.212364995407468,0.56,2.02518154634771,1,15.2613636363636,1,16.2136363636364
160,2,85,0.444,0.202799860640421,0.556,1.9911769672408,1,14.4414414414414,1,15.4009009009009
160,2,86,0.425,0.21996642701042,0.575,2.00185606139601,1,16.3623529411765,1,17.32
160,2,87,0.432,0.198143983783613,0.568,1.97930707557864,1,14.4976851851852,1,15.4652777777778
160,2,88,0.46,0.19975928799924,0.54,1.8549705456695,1,13.7391304347826,1,14.6826086956522
160,2,89,0.434,0.191397713235993,0.566,1.93968765743073,1,13.9447004608295,1,14.9009216589862
160,2,90,0.474,0.213093465936085,0.526,1.77296564375586,1,14.2215189873418,1,15.1645569620253
160,2,91,0.432,0.188040414278022,0.568,1.90252173741596,1,13.7615740740741,1,14.7222222222222
160,2,92,0.455,0.197542203781712,0.545,1.80520443196005,1,13.7252747252747,1,14.6901098901099
160,2,93,0.44,0.217749342792893,0.56,1.8183274158691,1,15.6477272727273,1,16.6022727272727
160,2,94,0.447,0.202641497482026,0.553,1.80873284075071,1,14.3355704697987,1,15.2908277404922
160,2,95,0.439,0.239983530231527,0.561,1.80698175223847,1,17.2733485193622,1,18.246013667426
160,2,96,0.437,0.182846102682672,0.563,1.77929384497486,1,13.2242562929062,1,14.1967963386728
160,2,97,0.422,0.194881702720679,0.578,1.80328778268829,1,14.5971563981043,1,15.5616113744076
160,2,98,0.439,0.203940075380863,0.561,1.74698023426061,1,14.6856492027335,1,15.6492027334852
160,2,99,0.434,0.215880657523834,0.566,1.73703945223345,1,15.721198156682,1,16.6866359447005
160,2,100,0.428,0.194343267982137,0.572,1.75490336691886,1,14.357476635514,1,15.3154205607477
200,2.5,1,0.481,0.200392740632819,0.519,1.60190397647818,1,13.1746361746362,1,14.1330561330561
200,2.5,2,0.487,0.189750736388687,0.513,1.58202158557137,1,12.3305954825462,1,13.2731006160164
200,2.5,3,0.473,0.202356443796915,0.527,1.63256122485568,1,13.5306553911205,1,14.4841437632135
200,2.5,4,0.494,0.205808760649922,0.506,1.55873283373373,1,13.1821862348178,1,14.1255060728745
200,2.5,5,0.504,0.227757894403446,0.496,1.53682455448385,1,14.2936507936508,1,15.2420634920635
200,2.5,6,0.491,0.228961454407247,0.509,1.58039011796766,1,14.7454175152749,1,15.7006109979633
200,2.5,7,0.484,0.244322680771545,0.516,1.57820287568575,1,15.9628099173554,1,16.9132231404959
200,2.5,8,0.494,0.222785291229848,0.506,1.55848183871777,1,14.2732793522267,1,15.2044534412955
200,2.5,9,0.457,0.214360371203243,0.543,1.68672236365592,1,14.835886214442,1,15.7833698030635
200,2.5,10,0.496,0.214993823836823,0.504,1.5358026462046,1,13.7076612903226,1,14.6633064516129
200,2.5,11,0.465,0.190384189022266,0.535,1.6456129656854,1,12.9591397849462,1,13.894623655914
200,2.5,12,0.482,0.197193804833244,0.518,1.59978844705798,1,12.9522821576763,1,13.8817427385892
200,2.5,13,0.481,0.214423716466601,0.519,1.59439205421492,1,14.1081081081081,1,15.04158004158
200,2.5,14,0.491,0.226237608082856,0.509,1.55163326042526,1,14.5723014256619,1,15.5234215885947
200,2.5,15,0.48,0.218319450163114,0.52,1.60839399046219,1,14.3833333333333,1,15.3354166666667
200,2.5,16,0.504,0.229848288094258,0.496,1.51231668399727,1,14.4186507936508,1,15.3789682539683
200,2.5,17,0.457,0.222785291229848,0.543,1.66911685610814,1,15.4223194748359,1,16.3610503282276
200,2.5,18,0.474,0.206378868020144,0.526,1.60970275018825,1,13.7637130801688,1,14.7299578059072
200,2.5,19,0.474,0.20770911855066,0.526,1.5952884649862,1,13.8691983122363,1,14.7995780590717
200,2.5,20,0.455,0.185823330060495,0.545,1.66909892789272,1,12.9186813186813,1,13.8681318681319
200,2.5,21,0.495,0.222278529122985,0.505,1.55570296532683,1,14.2020202020202,1,15.1515151515152
200,2.5,22,0.477,0.207012320653723,0.523,1.60041593459787,1,13.7253668763103,1,14.6792452830189
200,2.5,23,0.449,0.209007696449498,0.551,1.69554304564524,1,14.7216035634744,1,15.6726057906459
200,2.5,24,0.474,0.186456782694074,0.526,1.62634013410305,1,12.4451476793249,1,13.3945147679325
200,2.5,25,0.471,0.214011972254775,0.529,1.62137401843021,1,14.3864118895966,1,15.3057324840764
200,2.5,26,0.502,0.254711303962246,0.498,1.53151780271792,1,16.0398406374502,1,17
200,2.5,27,0.448,0.202419789060273,0.552,1.68570045537667,1,14.296875,1,15.2321428571429
200,2.5,28,0.476,0.205175308016343,0.524,1.62314891175732,1,13.6323529411765,1,14.5840336134454
200,2.5,29,0.501,0.200899502739683,0.499,1.51577682957438,1,12.6786427145709,1,13.6407185628743
200,2.5,30,0.512,0.221898457542837,0.488,1.48103194807989,1,13.69921875,1,14.6640625
200,2.5,31,0.46,0.196972096411491,0.54,1.68258094589265,1,13.5565217391304,1,14.4760869565217
200,2.5,32,0.466,0.18167421531055,0.534,1.63915880813224,1,12.3261802575107,1,13.2918454935622
200,2.5,33,0.446,0.201881354321731,0.554,1.68496539854423,1,14.3116591928251,1,15.2668161434978
200,2.5,34,0.494,0.219586355430273,0.506,1.55726272006884,1,14.0526315789474,1,15.0141700404858
200,2.5,35,0.48,0.187596997434517,0.52,1.57540607407939,1,12.3541666666667,1,13.3229166666667
200,2.5,36,0.503,0.21017958382162,0.497,1.51683459428448,1,13.2246520874751,1,14.1570576540755
200,2.5,37,0.516,0.23314224178887,0.484,1.48452795008785,1,14.2848837209302,1,15.2441860465116
200,2.5,38,0.512,0.212523358565863,0.488,1.49354584244684,1,13.130859375,1,14.080078125
200,2.5,39,0.483,0.20926107750293,0.517,1.61658718491161,1,13.6977225672878,1,14.6604554865424
200,2.5,40,0.469,0.211446489088778,0.531,1.62076445910574,1,14.2494669509595,1,15.2196162046908
200,2.5,41,0.479,0.198809109048871,0.521,1.57929649682671,1,13.1210855949896,1,14.0876826722338
200,2.5,42,0.494,0.194913375352358,0.506,1.54600380078167,1,12.4838056680162,1,13.4291497975709
200,2.5,43,0.502,0.235549361796472,0.498,1.53483452257162,1,14.8406374501992,1,15.7868525896414
200,2.5,44,0.489,0.221930130174516,0.511,1.56025673204489,1,14.3394683026585,1,15.319018404908
200,2.5,45,0.456,0.197827257466823,0.544,1.6692244254007,1,13.719298245614,1,14.6710526315789
200,2.5,46,0.479,0.228423019668704,0.521,1.61882821183979,1,15.0751565762004,1,16.035490605428
200,2.5,47,0.498,0.216799163842524,0.502,1.51801785650256,1,13.7730923694779,1,14.7168674698795
200,2.5,48,0.476,0.191809457447819,0.524,1.6203162537201,1,12.7457983193277,1,13.6974789915966
200,2.5,49,0.465,0.19792227536186,0.535,1.65671053103374,1,13.4666666666667,1,14.4086021505376
200,2.5,50,0.478,0.210654673296804,0.522,1.60280038724945,1,13.928870292887,1,14.897489539749
200,2.5,51,0.481,0.205903778544959,0.519,1.58404747391445,1,13.5343035343035,1,14.4948024948025
200,2.5,52,0.486,0.220219808063852,0.514,1.56377066226828,1,14.3312757201646,1,15.2818930041152
200,2.5,53,0.48,0.209134386976214,0.52,1.58248771917243,1,13.7770833333333,1,14.7354166666667
200,2.5,54,0.436,0.185823330060495,0.564,1.74355480655456,1,13.4747706422018,1,14.4380733944954
200,2.5,55,0.492,0.233237259683907,0.508,1.53313134210621,1,14.9918699186992,1,15.9430894308943
200,2.5,56,0.469,0.186931872169259,0.531,1.64537989888486,1,12.6012793176972,1,13.5628997867804
200,2.5,57,0.462,0.197352167991638,0.538,1.65617268457098,1,13.517316017316,1,14.45670995671
200,2.5,58,0.491,0.215025496468502,0.509,1.53802574491735,1,13.857433808554,1,14.7942973523422
200,2.5,59,0.511,0.212364995407468,0.489,1.49996414356915,1,13.1350293542074,1,14.1076320939335
200,2.5,60,0.485,0.223735470180217,0.515,1.58315106314317,1,14.5958762886598,1,15.5340206185567
200,2.5,61,0.485,0.213030120672727,0.515,1.58230843701818,1,13.8948453608247,1,14.8412371134021
200,2.5,62,0.468,0.200867830108004,0.532,1.64324644124924,1,13.5726495726496,1,14.5299145299145
200,2.5,63,0.485,0.216894181737561,0.515,1.58184230341712,1,14.1443298969072,1,15.0948453608247
200,2.5,64,0.483,0.211319798562063,0.517,1.59982430348883,1,13.8426501035197,1,14.7846790890269
200,2.5,65,0.486,0.218857884901656,0.514,1.57648176700491,1,14.2427983539095,1,15.1934156378601
200,2.5,66,0.493,0.218541158584867,0.507,1.56527663236401,1,14.0162271805274,1,14.973630831643
200,2.5,67,0.493,0.217052544895955,0.507,1.56936426548101,1,13.9310344827586,1,14.8640973630832
200,2.5,68,0.491,0.221296677540937,0.509,1.56190612786403,1,14.2505091649695,1,15.2057026476578
200,2.5,69,0.486,0.22547746492256,0.514,1.59184624762451,1,14.6625514403292,1,15.6337448559671
200,2.5,70,0.487,0.234092420739239,0.513,1.57684033131342,1,15.211498973306,1,16.1416837782341
200,2.5,71,0.49,0.225034048079055,0.51,1.59277851482663,1,14.5285714285714,1,15.469387755102
200,2.5,72,0.469,0.214106990149812,0.531,1.62144573129191,1,14.4434968017058,1,15.3816631130064
200,2.5,73,0.496,0.214233680676527,0.504,1.536788698053,1,13.6552419354839,1,14.616935483871
200,2.5,74,0.481,0.206695594336933,0.519,1.58903151780272,1,13.5862785862786,1,14.5467775467775
200,2.5,75,0.468,0.208912678554461,0.532,1.62574850299401,1,14.1132478632479,1,15.0747863247863
200,2.5,76,0.492,0.20770911855066,0.508,1.57456344795439,1,13.3516260162602,1,14.3048780487805
200,2.5,77,0.493,0.250118772368796,0.507,1.55563125246513,1,16.0466531440162,1,16.9898580121704
200,2.5,78,0.482,0.219301301745162,0.518,1.59856932840905,1,14.3858921161826,1,15.344398340249
200,2.5,79,0.465,0.18043898267507,0.535,1.66683997274911,1,12.2774193548387,1,13.2258064516129
200,2.5,80,0.475,0.205206980648022,0.525,1.63216680411632,1,13.6505263157895,1,14.6273684210526
200,2.5,81,0.471,0.213885281728059,0.529,1.61619276417225,1,14.3566878980892,1,15.3184713375796
200,2.5,82,0.479,0.229246508092357,0.521,1.61427444512173,1,15.1356993736952,1,16.0814196242171
200,2.5,83,0.491,0.206568903810218,0.509,1.55041414177633,1,13.3014256619145,1,14.2647657841141
200,2.5,84,0.483,0.200202704842745,0.517,1.57456344795439,1,13.111801242236,1,14.0538302277433
200,2.5,85,0.45,0.199474234314129,0.55,1.6878339130123,1,14.0266666666667,1,14.9644444444444
200,2.5,86,0.467,0.197668894308428,0.533,1.64729821793539,1,13.3811563169165,1,14.3468950749465
200,2.5,87,0.482,0.187945396382985,0.518,1.59069884183728,1,12.3402489626556,1,13.2800829875519
200,2.5,88,0.47,0.219459664903557,0.53,1.61029438129729,1,14.7702127659574,1,15.7127659574468
200,2.5,89,0.457,0.20007601431603,0.543,1.64512890386891,1,13.855579868709,1,14.7877461706783
200,2.5,90,0.46,0.20650555854686,0.54,1.65398544228907,1,14.2065217391304,1,15.1391304347826
200,2.5,91,0.467,0.191302695340956,0.533,1.64862490587687,1,12.9743040685225,1,13.8886509635974
200,2.5,92,0.47,0.202008044848446,0.53,1.61049159166697,1,13.5936170212766,1,14.5425531914894
200,2.5,93,0.47,0.196813733253096,0.53,1.61678439528129,1,13.2382978723404,1,14.2042553191489
200,2.5,94,0.471,0.226681024926361,0.529,1.60939797052601,1,15.2271762208068,1,16.1613588110403
200,2.5,95,0.473,0.219586355430273,0.527,1.61662304134246,1,14.6723044397463,1,15.6427061310782
200,2.5,96,0.473,0.203053241693852,0.527,1.64052135250457,1,13.5750528541226,1,14.5327695560254
200,2.5,97,0.49,0.218256104899756,0.51,1.56669296138262,1,14.0857142857143,1,15.0387755102041
200,2.5,98,0.507,0.216070693313907,0.493,1.52436444476317,1,13.4733727810651,1,14.4378698224852
200,2.5,99,0.472,0.231051848098058,0.528,1.62149951593818,1,15.4745762711864,1,16.4364406779661
200,2.5,100,0.486,0.224337250182118,0.514,1.57339811395174,1,14.5925925925926,1,15.5555555555556
240,3,1,0.529,0.205523706964812,0.471,1.44983685323963,1,12.2930056710775,1,13.2381852551985
240,3,2,0.52,0.22519241123745,0.48,1.48793431101868,1,13.6961538461538,1,14.6442307692308
240,3,3,0.517,0.227536185981693,0.483,1.46514754921295,1,13.9245647969052,1,14.8646034816248
240,3,4,0.492,0.219142938586767,0.508,1.57142601025494,1,14.0914634146341,1,15.0345528455285
240,3,5,0.473,0.195388464827543,0.527,1.63888988490086,1,13.0761099365751,1,14.0063424947146
240,3,6,0.505,0.230640103886232,0.495,1.5348883072179,1,14.4514851485149,1,15.390099009901
240,3,7,0.495,0.199410889050771,0.505,1.56111728638531,1,12.7474747474747,1,13.6909090909091
240,3,8,0.5,0.217464289107782,0.5,1.54887231524974,1,13.758,1,14.706
240,3,9,0.536,0.212269977512432,0.464,1.4343827315429,1,12.5261194029851,1,13.4776119402985
240,3,10,0.511,0.221106641750863,0.489,1.5279142314174,1,13.6810176125245,1,14.6399217221135
240,3,11,0.515,0.212174959617395,0.485,1.50188246261967,1,13.0330097087379,1,13.9825242718447
240,3,12,0.505,0.215595603838723,0.495,1.52337839291477,1,13.5049504950495,1,14.4534653465347
240,3,13,0.511,0.213663573306306,0.489,1.50674100899996,1,13.2270058708415,1,14.174168297456
240,3,14,0.535,0.23070344914959,0.465,1.40749040840475,1,13.6280373831776,1,14.6
240,3,15,0.507,0.22088493332911,0.493,1.51027286743878,1,13.7751479289941,1,14.7357001972387
240,3,16,0.488,0.202483134323631,0.512,1.56905948581878,1,13.125,1,14.0717213114754
240,3,17,0.512,0.246571437620752,0.488,1.51807164114884,1,15.224609375,1,16.185546875
240,3,18,0.526,0.219744718588668,0.474,1.47414751335652,1,13.212927756654,1,14.1653992395437
240,3,19,0.516,0.203306622747284,0.484,1.50250995015956,1,12.4670542635659,1,13.4108527131783
240,3,20,0.489,0.181547524783834,0.511,1.5750654379863,1,11.7566462167689,1,12.6871165644172
240,3,21,0.531,0.253286035536693,0.469,1.44020940155617,1,15.0828625235405,1,16.0376647834275
240,3,22,0.505,0.229404871250752,0.495,1.52405966510094,1,14.3643564356436,1,15.3188118811881
240,3,23,0.514,0.212903430146011,0.486,1.51808956936427,1,13.1108949416342,1,14.0428015564202
240,3,24,0.506,0.232762170208723,0.494,1.5422926601886,1,14.5474308300395,1,15.49604743083
240,3,25,0.5,0.229721597567542,0.5,1.55331851267525,1,14.532,1,15.48
240,3,26,0.515,0.220726570170715,0.485,1.49135860016494,1,13.5514563106796,1,14.5087378640777
240,3,27,0.512,0.199822633262598,0.488,1.47911362902937,1,12.357421875,1,13.287109375
240,3,28,0.524,0.228423019668704,0.476,1.47613754526874,1,13.7977099236641,1,14.7290076335878
240,3,29,0.531,0.220536534380642,0.469,1.47160170676611,1,13.1431261770245,1,14.0790960451977
240,3,30,0.512,0.218636176479904,0.488,1.51333859227652,1,13.505859375,1,14.458984375
240,3,31,0.508,0.217907705951288,0.492,1.49130481551866,1,13.5728346456693,1,14.511811023622
240,3,32,0.517,0.227377822823298,0.483,1.49064147154792,1,13.9110251450677,1,14.8607350096712
240,3,33,0.512,0.217464289107782,0.488,1.50143425723403,1,13.44921875,1,14.37109375
240,3,34,0.506,0.226649352294682,0.494,1.53843809387214,1,14.1758893280632,1,15.1067193675889
240,3,35,0.501,0.214613752256675,0.499,1.53761339596257,1,13.5389221556886,1,14.5109780439122
240,3,36,0.509,0.192822981661546,0.491,1.50880275377389,1,11.9882121807466,1,12.9332023575639
240,3,37,0.489,0.199410889050771,0.511,1.58786618380006,1,12.8977505112474,1,13.8507157464213
240,3,38,0.507,0.210559655401767,0.493,1.52936641686687,1,13.1400394477318,1,14.0828402366864
240,3,39,0.532,0.208469261710956,0.468,1.4405858940801,1,12.3834586466165,1,13.359022556391
240,3,40,0.504,0.194153232192063,0.496,1.51547204991215,1,12.1845238095238,1,13.1369047619048
240,3,41,0.535,0.21752763437114,0.465,1.42939868765463,1,12.8654205607477,1,13.8093457943925
240,3,42,0.535,0.222595255439774,0.465,1.4270500914339,1,13.1682242990654,1,14.1046728971963
240,3,43,0.495,0.218192759636398,0.505,1.56025673204489,1,13.9515151515152,1,14.8787878787879
240,3,44,0.482,0.210686345928483,0.518,1.60443185485317,1,13.8423236514523,1,14.7593360995851
240,3,45,0.527,0.220219808063852,0.473,1.45428305066514,1,13.2201138519924,1,14.1631878557875
240,3,46,0.494,0.213663573306306,0.506,1.56857542400229,1,13.6801619433198,1,14.6295546558704
240,3,47,0.514,0.218921230165014,0.486,1.50562945964359,1,13.4727626459144,1,14.4221789883268
240,3,48,0.508,0.20770911855066,0.492,1.51281867402919,1,12.9251968503937,1,13.8917322834646
240,3,49,0.486,0.213948626991417,0.514,1.57651762343576,1,13.9156378600823,1,14.8827160493827
240,3,50,0.531,0.218382795426472,0.469,1.44969342751622,1,13.0207156308851,1,13.9472693032015
240,3,51,0.538,0.235359326006398,0.462,1.42027322600308,1,13.8382899628253,1,14.7862453531599
240,3,52,0.51,0.197890602730181,0.49,1.51081071390154,1,12.278431372549,1,13.221568627451
240,3,53,0.544,0.201564628004941,0.456,1.41285094481695,1,11.7426470588235,1,12.6525735294118
240,3,54,0.515,0.219206283850125,0.485,1.51434257234035,1,13.473786407767,1,14.4019417475728
240,3,55,0.531,0.239445095492985,0.469,1.44704005163326,1,14.271186440678,1,15.2033898305085
240,3,56,0.496,0.210591328033446,0.504,1.54845996629495,1,13.4254032258065,1,14.3850806451613
240,3,57,0.503,0.198999144838945,0.497,1.53651977482161,1,12.5188866799205,1,13.4592445328032
240,3,58,0.513,0.220916605960789,0.487,1.50998601599197,1,13.6179337231969,1,14.5730994152047
240,3,59,0.537,0.210971399613594,0.463,1.42131306249776,1,12.4301675977654,1,13.3780260707635
240,3,60,0.492,0.202008044848446,0.508,1.56231847681882,1,12.9918699186992,1,13.9349593495935
240,3,61,0.489,0.200171032211066,0.511,1.58738212198358,1,12.9509202453988,1,13.8977505112474
240,3,62,0.513,0.204921926962911,0.487,1.50808562515687,1,12.635477582846,1,13.5867446393762
240,3,63,0.498,0.217052544895955,0.502,1.54858546380293,1,13.7911646586345,1,14.7289156626506
240,3,64,0.521,0.220156462800494,0.479,1.48402596005594,1,13.3761996161228,1,14.3051823416507
240,3,65,0.504,0.198302346942007,0.496,1.51366130015418,1,12.4444444444444,1,13.4007936507937
240,3,66,0.519,0.214677097520033,0.481,1.48334468786977,1,13.0751445086705,1,14.0443159922929
240,3,67,0.515,0.196940423779812,0.485,1.51378679766216,1,12.1106796116505,1,13.0349514563107
240,3,68,0.501,0.21904792069173,0.499,1.5390476531966,1,13.8323353293413,1,14.7764471057884
240,3,69,0.505,0.212555031197542,0.495,1.53637634909821,1,13.3128712871287,1,14.2653465346535
240,3,70,0.512,0.21046463750673,0.488,1.50921510272867,1,12.9921875,1,13.96484375
240,3,71,0.493,0.198904126943908,0.507,1.55790813582416,1,12.7728194726166,1,13.7038539553753
240,3,72,0.487,0.22364045228518,0.513,1.57388217576822,1,14.5338809034908,1,15.4640657084189
240,3,73,0.548,0.234757546004498,0.452,1.40340277528775,1,13.543795620438,1,14.5054744525547
240,3,74,0.494,0.218287777531435,0.506,1.55027071605292,1,13.9716599190283,1,14.9291497975709
240,3,75,0.526,0.226997751243151,0.474,1.4712431424576,1,13.6558935361217,1,14.5950570342205
240,3,76,0.514,0.218509485953188,0.486,1.50641830112231,1,13.4552529182879,1,14.3891050583658
240,3,77,0.498,0.199632597472524,0.502,1.5453225285955,1,12.6767068273092,1,13.636546184739
240,3,78,0.504,0.20007601431603,0.496,1.53612535408225,1,12.5595238095238,1,13.5059523809524
240,3,79,0.494,0.190225825863871,0.506,1.56118899924701,1,12.1862348178138,1,13.1295546558704
240,3,80,0.478,0.228137965983594,0.522,1.62298755781849,1,15.0983263598326,1,16.0397489539749
240,3,81,0.49,0.217717670161214,0.51,1.56785829538528,1,14.0571428571429,1,15
240,3,82,0.51,0.204098438539258,0.49,1.50209760120478,1,12.6666666666667,1,13.6019607843137
240,3,83,0.484,0.189148956386786,0.516,1.59921474416437,1,12.3739669421488,1,13.3037190082645
240,3,84,0.513,0.202863205903779,0.487,1.50155975474201,1,12.5185185185185,1,13.4522417153996
240,3,85,0.504,0.217622652266177,0.496,1.52160349958765,1,13.6746031746032,1,14.5912698412698
240,3,86,0.509,0.209197732239572,0.491,1.50622109075263,1,12.9823182711198,1,13.9705304518664
240,3,87,0.491,0.192854654293225,0.509,1.58413711499157,1,12.4256619144603,1,13.3767820773931
240,3,88,0.495,0.204731891172838,0.505,1.55369500519918,1,13.0787878787879,1,14.0383838383838
240,3,89,0.522,0.250562189212302,0.478,1.47147620925813,1,15.1743295019157,1,16.1340996168582
240,3,90,0.502,0.227694549140088,0.498,1.52940227329772,1,14.3366533864542,1,15.3027888446215
240,3,91,0.503,0.217622652266177,0.497,1.53255763921259,1,13.6998011928429,1,14.6182902584493
240,3,92,0.495,0.216799163842524,0.505,1.5398902793216,1,13.8525252525253,1,14.8040404040404
240,3,93,0.508,0.207835809077376,0.492,1.51403779267812,1,12.9409448818898,1,13.8917322834646
240,3,94,0.528,0.215437240680328,0.472,1.46036071569436,1,12.9128787878788,1,13.8522727272727
240,3,95,0.5,0.198429037468723,0.5,1.5183226361648,1,12.57,1,13.484
240,3,96,0.529,0.223418743863428,0.471,1.45894438667575,1,13.359168241966,1,14.3081285444234
240,3,97,0.517,0.204288474329332,0.483,1.47054394205601,1,12.5029013539652,1,13.4487427466151
240,3,98,0.506,0.209704494346435,0.494,1.51685252249991,1,13.1126482213439,1,14.0533596837945
240,3,99,0.494,0.206315522756786,0.506,1.55636630929757,1,13.2125506072874,1,14.1558704453441
240,3,100,0.533,0.206853957495328,0.467,1.42733694288071,1,12.2739212007505,1,13.2307692307692
280,3.5,1,0.52,0.229246508092357,0.48,1.47371723618631,1,13.9576923076923,1,14.8769230769231
280,3.5,2,0.547,0.223862160706933,0.453,1.38949048011761,1,12.9378427787934,1,13.9031078610603
280,3.5,3,0.543,0.214962151205144,0.457,1.40496253002976,1,12.524861878453,1,13.4732965009208
280,3.5,4,0.521,0.223735470180217,0.479,1.48798809566496,1,13.5873320537428,1,14.5297504798464
280,3.5,5,0.517,0.188293795331454,0.483,1.4998565742766,1,11.5203094777563,1,12.4758220502901
280,3.5,6,0.546,0.222056820701232,0.454,1.412599949801,1,12.8681318681319,1,13.8131868131868
280,3.5,7,0.49,0.198397364837044,0.51,1.5956470292947,1,12.8081632653061,1,13.7551020408163
280,3.5,8,0.533,0.220599879644,0.467,1.45973322815447,1,13.0994371482176,1,14.0356472795497
280,3.5,9,0.54,0.217495961739461,0.46,1.43011581627165,1,12.75,1,13.6814814814815
280,3.5,10,0.549,0.229911633357616,0.451,1.39863386998458,1,13.2513661202186,1,14.1912568306011
280,3.5,11,0.535,0.223925505970291,0.465,1.44906593997633,1,13.2485981308411,1,14.1775700934579
280,3.5,12,0.535,0.195990244829443,0.465,1.42550826490731,1,11.5906542056075,1,12.5401869158879
280,3.5,13,0.518,0.193139707978336,0.482,1.52273297715945,1,11.7972972972973,1,12.7471042471042
280,3.5,14,0.543,0.217685997529535,0.457,1.39642869948725,1,12.6979742173112,1,13.6151012891344
280,3.5,15,0.546,0.219174611218446,0.454,1.39334504643408,1,12.6941391941392,1,13.6483516483516
280,3.5,16,0.557,0.238621607069331,0.443,1.35779339524544,1,13.5457809694794,1,14.5062836624776
280,3.5,17,0.5,0.19700376904317,0.5,1.55695794040661,1,12.476,1,13.404
280,3.5,18,0.532,0.222088493332911,0.468,1.4484743088673,1,13.2048872180451,1,14.156015037594
280,3.5,19,0.529,0.201406264846546,0.471,1.45609380042311,1,12.054820415879,1,12.9867674858223
280,3.5,20,0.569,0.232635479682007,0.431,1.3400086055434,1,12.9314586994728,1,13.8857644991213
280,3.5,21,0.524,0.194121559560384,0.476,1.48002796801606,1,11.7137404580153,1,12.6793893129771
280,3.5,22,0.513,0.201247901688151,0.487,1.49786654236437,1,12.4035087719298,1,13.3664717348928
280,3.5,23,0.522,0.206980648022044,0.478,1.47705188425544,1,12.5478927203065,1,13.4904214559387
280,3.5,24,0.515,0.217242580686029,0.485,1.50405177668615,1,13.347572815534,1,14.2893203883495
280,3.5,25,0.535,0.223482089126786,0.465,1.44972928394708,1,13.2168224299065,1,14.1588785046729
280,3.5,26,0.502,0.220694897539037,0.498,1.53331062426046,1,13.9103585657371,1,14.8505976095618
280,3.5,27,0.535,0.205998796439996,0.465,1.42912976442325,1,12.1906542056075,1,13.1233644859813
280,3.5,28,0.563,0.20862762486935,0.437,1.35189501237047,1,11.7229129662522,1,12.6714031971581
280,3.5,29,0.544,0.210623000665125,0.456,1.41080712825845,1,12.2536764705882,1,13.1893382352941
280,3.5,30,0.547,0.215025496468502,0.453,1.41041270751909,1,12.45521023766,1,13.3656307129799
280,3.5,31,0.54,0.212966775409369,0.46,1.40815375237549,1,12.4888888888889,1,13.4148148148148
280,3.5,32,0.521,0.197067114306528,0.479,1.48531679156657,1,11.9635316698656,1,12.9213051823417
280,3.5,33,0.528,0.210052893294904,0.472,1.45528703072896,1,12.5871212121212,1,13.532196969697
280,3.5,34,0.53,0.214645424888354,0.47,1.45259779841515,1,12.8132075471698,1,13.7584905660377
280,3.5,35,0.554,0.223387071231749,0.446,1.38979525977984,1,12.7653429602888,1,13.6949458483755
280,3.5,36,0.58,0.236309504956767,0.42,1.28893111979634,1,12.8965517241379,1,13.8310344827586
280,3.5,37,0.546,0.22854971019542,0.454,1.4033669188569,1,13.2527472527473,1,14.1794871794872
280,3.5,38,0.539,0.206632249073576,0.461,1.42068557495787,1,12.1410018552876,1,13.0649350649351
280,3.5,39,0.559,0.243942609191398,0.441,1.37613395962566,1,13.8085867620751,1,14.7441860465116
280,3.5,40,0.538,0.223228708073354,0.462,1.45413962494173,1,13.1282527881041,1,14.0706319702602
280,3.5,41,0.523,0.204763563804517,0.477,1.47875506472086,1,12.395793499044,1,13.3231357552581
280,3.5,42,0.536,0.227599531245051,0.464,1.42301624296318,1,13.4272388059701,1,14.3805970149254
280,3.5,43,0.544,0.220504861748963,0.456,1.39286098461759,1,12.8253676470588,1,13.7702205882353
280,3.5,44,0.541,0.261615937668261,0.459,1.4218329807451,1,15.2902033271719,1,16.2439926062847
280,3.5,45,0.553,0.236942957590346,0.447,1.37382121983578,1,13.5533453887884,1,14.499095840868
280,3.5,46,0.541,0.213473537516232,0.459,1.4300799598408,1,12.4935304990758,1,13.4232902033272
280,3.5,47,0.559,0.23193868178507,0.441,1.38282118397935,1,13.1305903398927,1,14.0679785330948
280,3.5,48,0.54,0.195388464827543,0.46,1.41335293484887,1,11.4481481481481,1,12.3981481481481
280,3.5,49,0.528,0.214202008044848,0.472,1.46091649037255,1,12.8352272727273,1,13.780303030303
280,3.5,50,0.513,0.208405916447598,0.487,1.50064541575532,1,12.8479532163743,1,13.8050682261209
280,3.5,51,0.543,0.227504513350014,0.457,1.40221951306967,1,13.255985267035,1,14.195211786372
280,3.5,52,0.531,0.203781712222469,0.469,1.4536914195561,1,12.1412429378531,1,13.0922787193974
280,3.5,53,0.539,0.227662876508409,0.461,1.43077916024239,1,13.3710575139147,1,14.3005565862709
280,3.5,54,0.521,0.188008741646343,0.479,1.48042238875542,1,11.4241842610365,1,12.3589251439539
280,3.5,55,0.566,0.244195990244829,0.434,1.34112015489978,1,13.6572438162544,1,14.5848056537102
280,3.5,56,0.534,0.219618028061952,0.466,1.44191258202159,1,13.0074906367041,1,13.9625468164794
280,3.5,57,0.54,0.219713045956989,0.46,1.42075728781957,1,12.8722222222222,1,13.8203703703704
280,3.5,58,0.534,0.223006999651601,0.466,1.45966151529277,1,13.2078651685393,1,14.1610486891386
280,3.5,59,0.553,0.219523010166915,0.447,1.39277134354046,1,12.5605786618445,1,13.502712477396
280,3.5,60,0.539,0.200456085896177,0.461,1.44429703467317,1,11.760667903525,1,12.721706864564
280,3.5,61,0.535,0.197320495359959,0.465,1.43361181827961,1,11.6822429906542,1,12.6056074766355
280,3.5,62,0.535,0.211003072245273,0.465,1.44004804761734,1,12.4785046728972,1,13.4261682242991
280,3.5,63,0.527,0.199885978525956,0.473,1.47108178851877,1,12.0132827324478,1,12.9373814041746
280,3.5,64,0.554,0.206885630127007,0.446,1.37577539531715,1,11.8194945848375,1,12.7617328519856
280,3.5,65,0.527,0.202388116428594,0.473,1.45919538169171,1,12.1480075901328,1,13.1024667931689
280,3.5,66,0.52,0.19852405536376,0.48,1.4947111764495,1,12.0903846153846,1,13.0115384615385
280,3.5,67,0.545,0.206695594336933,0.455,1.3860303345405,1,12.005504587156,1,12.943119266055
280,3.5,68,0.552,0.231241883888132,0.448,1.39370361074259,1,13.2463768115942,1,14.2028985507246
280,3.5,69,0.526,0.212428340670826,0.474,1.46599017533795,1,12.7832699619772,1,13.7167300380228
280,3.5,70,0.524,0.204446837487727,0.476,1.47283875363046,1,12.3530534351145,1,13.2843511450382
280,3.5,71,0.544,0.208564279605992,0.456,1.40290078525584,1,12.1415441176471,1,13.0680147058824
280,3.5,72,0.56,0.228993127038926,0.44,1.348883072179,1,12.9321428571429,1,13.8875
280,3.5,73,0.545,0.227884584930162,0.455,1.42549033669189,1,13.245871559633,1,14.1577981651376
280,3.5,74,0.534,0.213631900674627,0.466,1.44903008354548,1,12.6573033707865,1,13.6011235955056
280,3.5,75,0.565,0.226490989136287,0.435,1.32353257556743,1,12.6867256637168,1,13.6265486725664
280,3.5,76,0.535,0.213821936464701,0.465,1.44723726200294,1,12.6467289719626,1,13.588785046729
280,3.5,77,0.513,0.202641497482026,0.487,1.50736849653985,1,12.5087719298246,1,13.4307992202729
280,3.5,78,0.534,0.215247204890254,0.466,1.44976514037793,1,12.7565543071161,1,13.6910112359551
280,3.5,79,0.527,0.203464985905679,0.473,1.47360966689376,1,12.2068311195446,1,13.1726755218216
280,3.5,80,0.531,0.189529027966934,0.469,1.45720534977948,1,11.2900188323917,1,12.2448210922787
280,3.5,81,0.525,0.20527032591138,0.475,1.48210764100541,1,12.3828571428571,1,13.3047619047619
280,3.5,82,0.554,0.228486364932062,0.446,1.39149844024526,1,13.0451263537906,1,13.9945848375451
280,3.5,83,0.547,0.232572134418649,0.453,1.41444655598982,1,13.45521023766,1,14.3930530164534
280,3.5,84,0.553,0.200266050106103,0.447,1.37731722184374,1,11.4593128390597,1,12.4068716094033
280,3.5,85,0.513,0.205080290121306,0.487,1.51326687941482,1,12.64522417154,1,13.5964912280702
280,3.5,86,0.546,0.21784436068793,0.454,1.39347054394206,1,12.6282051282051,1,13.5659340659341
280,3.5,87,0.534,0.224115541760365,0.466,1.43018752913335,1,13.2734082397004,1,14.2265917602996
280,3.5,88,0.54,0.215500585943686,0.46,1.42559790598444,1,12.6259259259259,1,13.5740740740741
280,3.5,89,0.549,0.242168941817376,0.451,1.4108429846893,1,13.9471766848816,1,14.9034608378871
280,3.5,90,0.492,0.199632597472524,0.508,1.5769658288214,1,12.8353658536585,1,13.7865853658537
280,3.5,91,0.568,0.224970702815697,0.432,1.33794686076948,1,12.5369718309859,1,13.4735915492958
280,3.5,92,0.545,0.229563234409147,0.455,1.39356018501918,1,13.3302752293578,1,14.2623853211009
280,3.5,93,0.55,0.216419092262376,0.45,1.3973788949048,1,12.46,1,13.3872727272727
280,3.5,94,0.518,0.19760554904507,0.482,1.4999282871383,1,12.0868725868726,1,13
280,3.5,95,0.534,0.207962499604092,0.466,1.44591057406146,1,12.3333333333333,1,13.2584269662921
280,3.5,96,0.531,0.205365343806417,0.469,1.44304205959339,1,12.2316384180791,1,13.1864406779661
280,3.5,97,0.558,0.210971399613594,0.442,1.3728530962028,1,11.9587813620072,1,12.915770609319
280,3.5,98,0.536,0.21537389541697,0.464,1.43404209544982,1,12.7108208955224,1,13.660447761194
280,3.5,99,0.52,0.215595603838723,0.48,1.49650399799204,1,13.1057692307692,1,14.075
280,3.5,100,0.55,0.214518734361638,0.45,1.39675140736491,1,12.3490909090909,1,13.2781818181818
320,4,1,0.566,0.214803788046749,0.434,1.3543153214529,1,12.0123674911661,1,12.9505300353357
320,4,2,0.552,0.193108035346657,0.448,1.39748646419735,1,11.0869565217391,1,12
320,4,3,0.57,0.216830836474203,0.43,1.33687116784395,1,12.0456140350877,1,12.9736842105263
320,4,4,0.586,0.239951857599848,0.414,1.2784072573416,1,12.962457337884,1,13.8924914675768
320,4,5,0.54,0.208374243815919,0.46,1.43427516225035,1,12.2203703703704,1,13.1462962962963
320,4,6,0.585,0.213821936464701,0.415,1.29352074294525,1,11.5794871794872,1,12.4974358974359
320,4,7,0.527,0.212333322775789,0.473,1.49225501093621,1,12.7400379506641,1,13.7020872865275
320,4,8,0.545,0.207867481709055,0.455,1.42418157696583,1,12.0788990825688,1,13.0036697247706
320,4,9,0.563,0.232730497577044,0.437,1.35960414500341,1,13.0781527531083,1,14.0213143872114
320,4,10,0.582,0.21537389541697,0.418,1.32399870916849,1,11.7182130584192,1,12.6460481099656
320,4,11,0.563,0.206822284863649,0.437,1.35831331349277,1,11.6216696269982,1,12.5737122557726
320,4,12,0.55,0.216577455420771,0.45,1.40662985406433,1,12.4636363636364,1,13.4018181818182
320,4,13,0.561,0.206632249073576,0.439,1.3745383484528,1,11.6613190730838,1,12.5971479500891
320,4,14,0.586,0.217432616476103,0.414,1.27482161425652,1,11.7423208191126,1,12.6860068259386
320,4,15,0.561,0.224970702815697,0.439,1.35196672523217,1,12.6934046345811,1,13.6292335115865
320,4,16,0.569,0.233712349159092,0.431,1.33339309405142,1,12.9929701230228,1,13.9420035149385
320,4,17,0.556,0.232508789155291,0.444,1.36476747104593,1,13.2392086330935,1,14.1654676258993
320,4,18,0.572,0.222151838596269,0.428,1.3386639893865,1,12.298951048951,1,13.222027972028
320,4,19,0.551,0.184683115320052,0.449,1.38819964860698,1,10.6188747731397,1,11.5444646098004
320,4,20,0.536,0.213631900674627,0.464,1.43393452615727,1,12.6287313432836,1,13.5373134328358
320,4,21,0.577,0.212048269090679,0.423,1.32109433826957,1,11.632582322357,1,12.5719237435009
320,4,22,0.547,0.211161435403668,0.453,1.41193660583026,1,12.2212065813528,1,13.1553930530165
320,4,23,0.557,0.22427390491876,0.443,1.39361396966546,1,12.7468581687612,1,13.6768402154399
320,4,24,0.55,0.211446489088778,0.45,1.41118362078239,1,12.1745454545455,1,13.0981818181818
320,4,25,0.559,0.219903081747062,0.441,1.39266377424791,1,12.4579606440072,1,13.3828264758497
320,4,26,0.565,0.22671269755804,0.435,1.37114991573739,1,12.7061946902655,1,13.6300884955752
320,4,27,0.532,0.208785988027745,0.468,1.45668543153215,1,12.4191729323308,1,13.3627819548872
320,4,28,0.541,0.212396668039147,0.459,1.42765965075836,1,12.4269870609982,1,13.3604436229205
320,4,29,0.534,0.208405916447598,0.466,1.44881494496038,1,12.3539325842697,1,13.2902621722846
320,4,30,0.562,0.193139707978336,0.438,1.35352647997418,1,10.8790035587189,1,11.8185053380783
320,4,31,0.577,0.243720900769645,0.423,1.30863422854889,1,13.3587521663778,1,14.3119584055459
320,4,32,0.562,0.209672821714756,0.438,1.34795080497687,1,11.8131672597865,1,12.7455516014235
320,4,33,0.558,0.215817312260476,0.442,1.36795869339166,1,12.2491039426523,1,13.173835125448
320,4,34,0.541,0.216165711208944,0.459,1.4269066657105,1,12.6469500924214,1,13.5822550831793
320,4,35,0.554,0.203496658537358,0.446,1.37979131557245,1,11.6462093862816,1,12.5469314079422
320,4,36,0.557,0.204225129065974,0.443,1.38077736742085,1,11.6032315978456,1,12.5493716337522
320,4,37,0.562,0.208152535394166,0.438,1.35596471727204,1,11.7277580071174,1,12.6601423487544
320,4,38,0.565,0.199030817470624,0.435,1.33287317580408,1,11.1557522123894,1,12.0884955752212
320,4,39,0.57,0.234630855477782,0.43,1.33425364839184,1,13.0368421052632,1,13.9543859649123
320,4,40,0.575,0.217907705951288,0.425,1.32270787765786,1,12.0017391304348,1,12.9269565217391
320,4,41,0.565,0.240933709181896,0.435,1.3677076983757,1,13.4849557522124,1,14.4353982300885
320,4,42,0.564,0.207582428023944,0.436,1.33531141310194,1,11.6560283687943,1,12.5851063829787
320,4,43,0.544,0.202958223798815,0.456,1.40455018107498,1,11.8051470588235,1,12.75
320,4,44,0.574,0.217654324897856,0.426,1.33073971816845,1,12.0174216027875,1,12.9250871080139
320,4,45,0.574,0.201437937478225,0.426,1.312937000251,1,11.1080139372822,1,12.0487804878049
320,4,46,0.571,0.224717321762265,0.429,1.31238122557281,1,12.4483362521891,1,13.3975481611208
320,4,47,0.579,0.226966078611472,0.421,1.31593101222704,1,12.419689119171,1,13.3316062176166
320,4,48,0.547,0.232793842840402,0.453,1.39162393775324,1,13.4606946983547,1,14.4076782449726
320,4,49,0.565,0.203369968010642,0.435,1.36225752088637,1,11.4053097345133,1,12.3238938053097
320,4,50,0.551,0.212333322775789,0.449,1.38520563663093,1,12.2068965517241,1,13.1270417422868
320,4,51,0.554,0.211668197510531,0.446,1.37545268743949,1,12.1028880866426,1,13.0180505415162
320,4,52,0.557,0.214138662781491,0.443,1.36555631252465,1,12.1741472172352,1,13.1023339317774
320,4,53,0.582,0.224463940708833,0.418,1.28771200114741,1,12.2010309278351,1,13.1529209621993
320,4,54,0.563,0.216260729103981,0.437,1.37055828462835,1,12.1492007104796,1,13.1047957371226
320,4,55,0.555,0.20127957431983,0.445,1.38481121589157,1,11.4738738738739,1,12.4234234234234
320,4,56,0.526,0.194659994298926,0.474,1.46211768080605,1,11.7072243346008,1,12.6615969581749
320,4,57,0.559,0.222753618598169,0.441,1.34411416687583,1,12.6225402504472,1,13.5384615384615
320,4,58,0.548,0.199284198524055,0.452,1.40187887697659,1,11.5091240875912,1,12.4525547445255
320,4,59,0.555,0.211858233300605,0.445,1.383986517982,1,12.0900900900901,1,13.0126126126126
320,4,60,0.56,0.223767142811896,0.44,1.35189501237047,1,12.6517857142857,1,13.575
320,4,61,0.577,0.202451461691952,0.423,1.31265014880419,1,11.1109185441941,1,12.0415944540728
320,4,62,0.562,0.239096696544516,0.438,1.35476352683854,1,13.4608540925267,1,14.3985765124555
320,4,63,0.563,0.204256801697653,0.437,1.35375954677471,1,11.49378330373,1,12.4138543516874
320,4,64,0.562,0.221930130174516,0.438,1.36858618093155,1,12.508896797153,1,13.4199288256228
320,4,65,0.569,0.204858581699553,0.431,1.33579547491843,1,11.4094903339192,1,12.323374340949
320,4,66,0.537,0.211826560668926,0.463,1.44094445838861,1,12.4860335195531,1,13.4189944134078
320,4,67,0.551,0.191144332182561,0.449,1.383986517982,1,10.9800362976407,1,11.9255898366606
320,4,68,0.575,0.233807367054129,0.425,1.31121589157015,1,12.8852173913043,1,13.7860869565217
320,4,69,0.566,0.21660912805245,0.434,1.36001649395819,1,12.1201413427562,1,13.0441696113074
320,4,70,0.551,0.215880657523834,0.449,1.38420165656711,1,12.3992740471869,1,13.3411978221416
320,4,71,0.58,0.230133341779368,0.42,1.33197676503281,1,12.5637931034483,1,13.4862068965517
320,4,72,0.555,0.22579419123935,0.445,1.37934311018681,1,12.8810810810811,1,13.8072072072072
320,4,73,0.551,0.211953251195642,0.449,1.39788088493671,1,12.1796733212341,1,13.1088929219601
320,4,74,0.571,0.217495961739461,0.429,1.33212019075621,1,12.061295971979,1,12.9859894921191
320,4,75,0.55,0.214993823836823,0.45,1.40786690092868,1,12.3781818181818,1,13.3036363636364
320,4,76,0.578,0.23377569442245,0.422,1.29855857147979,1,12.8096885813149,1,13.7249134948097
320,4,77,0.542,0.208849333291103,0.458,1.41928717415468,1,12.2011070110701,1,13.1291512915129
320,4,78,0.545,0.209387768029646,0.455,1.42029115421851,1,12.1614678899083,1,13.097247706422
320,4,79,0.565,0.226966078611472,0.435,1.36528738929327,1,12.716814159292,1,13.6495575221239
320,4,80,0.55,0.22243689228138,0.45,1.40117967657499,1,12.8,1,13.7363636363636
320,4,81,0.541,0.200646121686251,0.459,1.4262791781706,1,11.7504621072089,1,12.6672828096118
320,4,82,0.561,0.202229753270199,0.439,1.3778550683065,1,11.4064171122995,1,12.3547237076649
320,4,83,0.559,0.214645424888354,0.441,1.36272365448743,1,12.1574239713775,1,13.0894454382826
320,4,84,0.556,0.228359674405346,0.444,1.37086306429058,1,12.9982014388489,1,13.9334532374101
320,4,85,0.542,0.215468913312007,0.458,1.42925526193123,1,12.5811808118081,1,13.520295202952
320,4,86,0.579,0.239825167073132,0.421,1.30646491448241,1,13.1122625215889,1,14.0414507772021
320,4,87,0.568,0.230069996516011,0.432,1.33316002725089,1,12.8204225352113,1,13.7552816901408
320,4,88,0.56,0.213916954359738,0.44,1.37500448205386,1,12.1089285714286,1,13.0107142857143
320,4,89,0.563,0.201881354321731,0.437,1.35551651188641,1,11.3658969804618,1,12.2770870337478
320,4,90,0.578,0.226015899661103,0.422,1.32225967227222,1,12.3840830449827,1,13.3062283737024
320,4,91,0.558,0.218826212269978,0.442,1.37713793968948,1,12.4121863799283,1,13.3494623655914
320,4,92,0.566,0.227567858613372,0.434,1.33930940514181,1,12.7367491166078,1,13.6519434628975
320,4,93,0.554,0.202863205903779,0.446,1.3727813833411,1,11.5974729241877,1,12.5252707581227
320,4,94,0.581,0.234630855477782,0.419,1.2956721287963,1,12.7882960413081,1,13.710843373494
320,4,95,0.54,0.225667500712634,0.46,1.44384882928753,1,13.2296296296296,1,14.1574074074074
320,4,96,0.535,0.205808760649922,0.465,1.4466456308939,1,12.1757009345794,1,13.1121495327103
320,4,97,0.538,0.195230101669148,0.462,1.41016171250314,1,11.4907063197026,1,12.4219330855019
320,4,98,0.531,0.181864251100624,0.469,1.46561368281401,1,10.8418079096045,1,11.7796610169492
320,4,99,0.53,0.191461058499351,0.47,1.44822331385134,1,11.4245283018868,1,12.3849056603774
320,4,100,0.577,0.21385360909638,0.423,1.30872386962602,1,11.7313691507799,1,12.6707105719237
360,4.5,1,0.562,0.223323725968391,0.438,1.34947470328803,1,12.5711743772242,1,13.5160142348754
360,4.5,2,0.585,0.229911633357616,0.415,1.28455663523253,1,12.434188034188,1,13.3794871794872
360,4.5,3,0.589,0.229689924935863,0.411,1.30479759044785,1,12.3446519524618,1,13.276740237691
360,4.5,4,0.583,0.244512716561619,0.417,1.29015023844527,1,13.2710120068611,1,14.2109777015437
360,4.5,5,0.565,0.221930130174516,0.435,1.35759618487576,1,12.4353982300885,1,13.3646017699115
360,4.5,6,0.581,0.219586355430273,0.419,1.29240919358887,1,11.9518072289157,1,12.9122203098107
360,4.5,7,0.576,0.224115541760365,0.424,1.32953852773495,1,12.3177083333333,1,13.25
360,4.5,8,0.556,0.215722294365439,0.444,1.38289289684105,1,12.2841726618705,1,13.2122302158273
360,4.5,9,0.556,0.223387071231749,0.444,1.40109003549787,1,12.7122302158273,1,13.6492805755396
360,4.5,10,0.582,0.20679061223197,0.418,1.28814227831762,1,11.2422680412371,1,12.1907216494845
360,4.5,11,0.602,0.21660912805245,0.398,1.25208863709706,1,11.3920265780731,1,12.3255813953488
360,4.5,12,0.565,0.201881354321731,0.435,1.34483129549285,1,11.3221238938053,1,12.2389380530973
360,4.5,13,0.577,0.217622652266177,0.423,1.31331349277493,1,11.948006932409,1,12.8613518197574
360,4.5,14,0.566,0.2303867228328,0.434,1.34423966438381,1,12.8886925795053,1,13.8144876325088
360,4.5,15,0.61,0.222025148069553,0.39,1.22501703180465,1,11.5327868852459,1,12.4491803278689
360,4.5,16,0.588,0.218889557533335,0.412,1.29522392341066,1,11.7857142857143,1,12.719387755102
360,4.5,17,0.569,0.21936464700852,0.431,1.34838108214708,1,12.2214411247803,1,13.1230228471002
360,4.5,18,0.583,0.221233332277579,0.417,1.28486141489476,1,12.0205831903945,1,12.9382504288165
360,4.5,19,0.583,0.220568207012321,0.417,1.3019470041952,1,11.9777015437393,1,12.9108061749571
360,4.5,20,0.59,0.229309853355715,0.41,1.28339130122988,1,12.2847457627119,1,13.2576271186441
360,4.5,21,0.582,0.206568903810218,0.418,1.29262433217398,1,11.2353951890034,1,12.1752577319588
360,4.5,22,0.555,0.195863554302727,0.445,1.4044963964287,1,11.1747747747748,1,12.1063063063063
360,4.5,23,0.576,0.213093465936085,0.424,1.31634336118183,1,11.7222222222222,1,12.6388888888889
360,4.5,24,0.573,0.217464289107782,0.427,1.32699272114454,1,12.0122164048866,1,12.9493891797557
360,4.5,25,0.59,0.214423716466601,0.41,1.29343110186812,1,11.5169491525424,1,12.4305084745763
360,4.5,26,0.552,0.200012669052672,0.448,1.40795654200581,1,11.4673913043478,1,12.4130434782609
360,4.5,27,0.583,0.212776739619295,0.417,1.312094374126,1,11.5660377358491,1,12.4785591766724
360,4.5,28,0.554,0.219206283850125,0.446,1.3975223206282,1,12.543321299639,1,13.4404332129964
360,4.5,29,0.603,0.24020523865328,0.397,1.23962852737638,1,12.6169154228856,1,13.5339966832504
360,4.5,30,0.59,0.201247901688151,0.41,1.26944314962889,1,10.8,1,11.735593220339
360,4.5,31,0.559,0.222183511227948,0.441,1.36980529958048,1,12.5831842576029,1,13.5098389982111
360,4.5,32,0.552,0.202704842745384,0.448,1.39827530567607,1,11.6358695652174,1,12.5471014492754
360,4.5,33,0.58,0.221043296487505,0.42,1.30413424647711,1,12.0603448275862,1,13
360,4.5,34,0.595,0.24112374497197,0.405,1.26856466707304,1,12.8235294117647,1,13.763025210084
360,4.5,35,0.582,0.213631900674627,0.418,1.30137330130159,1,11.6237113402062,1,12.5498281786942
360,4.5,36,0.566,0.188388813226491,0.434,1.34033131342106,1,10.5406360424028,1,11.469964664311
360,4.5,37,0.607,0.247933360782947,0.393,1.21386568181003,1,12.9275123558484,1,13.8616144975288
360,4.5,38,0.591,0.202673170113705,0.409,1.26444117752519,1,10.8477157360406,1,11.8054145516074
360,4.5,39,0.571,0.198397364837044,0.429,1.34886514396357,1,11.0052539404553,1,11.9316987740806
360,4.5,40,0.583,0.211668197510531,0.417,1.30875972605687,1,11.4888507718696,1,12.4356775300172
360,4.5,41,0.598,0.229626579672505,0.402,1.24507870486572,1,12.1638795986622,1,13.0819397993311
360,4.5,42,0.579,0.207614100655623,0.421,1.31799275700097,1,11.3488773747841,1,12.2901554404145
360,4.5,43,0.586,0.236372850220125,0.414,1.29667610886012,1,12.7713310580205,1,13.69795221843
360,4.5,44,0.547,0.202008044848446,0.453,1.41034099465739,1,11.6928702010969,1,12.6270566727605
360,4.5,45,0.61,0.241282108130365,0.39,1.21426010254939,1,12.5196721311475,1,13.4540983606557
360,4.5,46,0.565,0.225509137554239,0.435,1.34242891462584,1,12.6247787610619,1,13.5752212389381
360,4.5,47,0.588,0.208659297501029,0.412,1.28330166015275,1,11.234693877551,1,12.1734693877551
360,4.5,48,0.58,0.217654324897856,0.42,1.29404066119258,1,11.8810344827586,1,12.8155172413793
360,4.5,49,0.545,0.197193804833244,0.455,1.42765965075836,1,11.4697247706422,1,12.3779816513761
360,4.5,50,0.575,0.2389700060178,0.425,1.32953852773495,1,13.1513043478261,1,14.0782608695652
360,4.5,51,0.572,0.221613403857727,0.428,1.34554842410986,1,12.263986013986,1,13.1993006993007
360,4.5,52,0.585,0.219301301745162,0.415,1.30529958047976,1,11.8752136752137,1,12.7948717948718
360,4.5,53,0.559,0.213505210147911,0.441,1.36921366847144,1,12.087656529517,1,13.0268336314848
360,4.5,54,0.582,0.19453330377221,0.418,1.31969593746638,1,10.5790378006873,1,11.5240549828179
360,4.5,55,0.596,0.230196687042726,0.404,1.24981175373803,1,12.2298657718121,1,13.1560402684564
360,4.5,56,0.552,0.204415164856048,0.448,1.40377926781168,1,11.7264492753623,1,12.6576086956522
360,4.5,57,0.569,0.195546827985937,0.431,1.33766000932267,1,10.8910369068541,1,11.8066783831283
360,4.5,58,0.579,0.235676052323188,0.421,1.32444691455413,1,12.8877374784111,1,13.8100172711572
360,4.5,59,0.584,0.232128717575143,0.416,1.29610240596651,1,12.5736301369863,1,13.5239726027397
360,4.5,60,0.596,0.196940423779812,0.404,1.26435153644806,1,10.4681208053691,1,11.3976510067114
360,4.5,61,0.574,0.216640800684129,0.426,1.34875757467102,1,11.9547038327526,1,12.8763066202091
360,4.5,62,0.585,0.242358977607449,0.415,1.31320592348238,1,13.1179487179487,1,14.042735042735
360,4.5,63,0.593,0.232920533367117,0.407,1.27691921546129,1,12.4232715008432,1,13.3777403035413
360,4.5,64,0.556,0.202863205903779,0.444,1.37398257377461,1,11.5485611510791,1,12.4838129496403
360,4.5,65,0.563,0.225255756500808,0.437,1.34147871920829,1,12.6625222024867,1,13.5985790408526
360,4.5,66,0.571,0.214930478573465,0.429,1.34180142708595,1,11.9141856392294,1,12.8546409807356
360,4.5,67,0.587,0.225350774395845,0.413,1.29664025242927,1,12.1533219761499,1,13.0868824531516
360,4.5,68,0.576,0.200582776422893,0.424,1.32568396141848,1,11.0243055555556,1,11.9618055555556
360,4.5,69,0.573,0.22946821651411,0.427,1.33145684678547,1,12.6649214659686,1,13.6195462478185
360,4.5,70,0.589,0.219142938586767,0.411,1.2852379074187,1,11.7775891341256,1,12.7113752122241
360,4.5,71,0.587,0.203686694327432,0.413,1.28762236007028,1,10.9965928449744,1,11.9131175468484
360,4.5,72,0.573,0.225129065974092,0.427,1.332532539711,1,12.4432809773124,1,13.3664921465969
360,4.5,73,0.561,0.19884078168055,0.439,1.37977338735702,1,11.2210338680927,1,12.156862745098
360,4.5,74,0.591,0.19576853640769,0.409,1.26481767004912,1,10.502538071066,1,11.414551607445
360,4.5,75,0.543,0.20127957431983,0.457,1.40211194377712,1,11.7255985267035,1,12.6758747697974
360,4.5,76,0.592,0.203496658537358,0.408,1.2729750080677,1,10.8834459459459,1,11.8209459459459
360,4.5,77,0.567,0.214550406993317,0.433,1.34294883287318,1,11.9770723104056,1,12.9135802469136
360,4.5,78,0.567,0.211889905932284,0.433,1.35223564846355,1,11.8271604938272,1,12.7689594356261
360,4.5,79,0.592,0.229056472302284,0.408,1.26641328122199,1,12.2567567567568,1,13.1722972972973
360,4.5,80,0.58,0.217907705951288,0.42,1.30011832622181,1,11.9103448275862,1,12.8120689655172
360,4.5,81,0.594,0.230640103886232,0.406,1.27299293628312,1,12.3097643097643,1,13.2053872053872
360,4.5,82,0.557,0.204858581699553,0.443,1.36654236437305,1,11.6517055655296,1,12.5709156193896
360,4.5,83,0.582,0.214677097520033,0.418,1.32751263939188,1,11.6855670103093,1,12.6048109965636
360,4.5,84,0.569,0.213410192252874,0.431,1.36702642618954,1,11.8681898066784,1,12.8154657293497
360,4.5,85,0.578,0.221169987014221,0.422,1.3314747750009,1,12.1107266435986,1,13.0519031141869
360,4.5,86,0.564,0.229594907040826,0.436,1.3552296604396,1,12.8812056737589,1,13.8209219858156
360,4.5,87,0.588,0.217495961739461,0.412,1.29097493635484,1,11.702380952381,1,12.6513605442177
360,4.5,88,0.573,0.213315174357837,0.427,1.32320986768977,1,11.7888307155323,1,12.717277486911
360,4.5,89,0.582,0.192506255344757,0.418,1.30664419663667,1,10.4879725085911,1,11.3986254295533
360,4.5,90,0.568,0.231653628099959,0.432,1.33672774212055,1,12.9049295774648,1,13.8485915492958
360,4.5,91,0.568,0.195420137459221,0.432,1.35696869733587,1,10.8996478873239,1,11.8257042253521
360,4.5,92,0.57,0.19728882272828,0.43,1.33445085876152,1,10.9561403508772,1,11.8964912280702
360,4.5,93,0.579,0.191461058499351,0.421,1.31860231632543,1,10.4801381692573,1,11.3972366148532
360,4.5,94,0.589,0.20495359959459,0.411,1.27200688443472,1,11.0152801358234,1,11.9575551782683
360,4.5,95,0.578,0.231780318626675,0.422,1.30313026641328,1,12.7024221453287,1,13.6193771626298
360,4.5,96,0.559,0.206948975390365,0.441,1.38540284700061,1,11.7245080500894,1,12.6529516994633
360,4.5,97,0.571,0.202451461691952,0.429,1.32708236222166,1,11.2224168126095,1,12.1611208406305
360,4.5,98,0.593,0.229974978620974,0.407,1.2831940908602,1,12.2799325463744,1,13.2074198988196
360,4.5,99,0.579,0.227884584930162,0.421,1.31205851769515,1,12.454231433506,1,13.3920552677029
360,4.5,100,0.577,0.204795236436195,0.423,1.33030944099824,1,11.2426343154246,1,12.1646447140381
400,5,1,0.587,0.213695245937985,0.413,1.28729965219262,1,11.5281090289608,1,12.458262350937
400,5,2,0.576,0.210749691191841,0.424,1.32209831833339,1,11.5868055555556,1,12.5069444444444
400,5,3,0.595,0.221486713331011,0.405,1.25637348058374,1,11.781512605042,1,12.7159663865546
400,5,4,0.581,0.196782060621417,0.419,1.30601670909678,1,10.7246127366609,1,11.6609294320138
400,5,5,0.613,0.21078136382352,0.387,1.23174011258919,1,10.9004893964111,1,11.8123980424144
400,5,6,0.611,0.209229404871251,0.389,1.21420631790312,1,10.8412438625205,1,11.7790507364975
400,5,7,0.589,0.205460361701454,0.411,1.29205062928036,1,11.0475382003396,1,11.9779286926995
400,5,8,0.59,0.205301998543059,0.41,1.29629961633619,1,11.0169491525424,1,11.9525423728814
400,5,9,0.571,0.201089538529756,0.429,1.35277349492632,1,11.1611208406305,1,12.0735551663748
400,5,10,0.597,0.217464289107782,0.403,1.27774391337086,1,11.5309882747069,1,12.4706867671692
400,5,11,0.587,0.223323725968391,0.413,1.26992721144537,1,12.0545144804089,1,12.9676320272572
400,5,12,0.58,0.173661039495772,0.42,1.3122377998494,1,9.48275862068965,1,10.4172413793103
400,5,13,0.597,0.232983878630475,0.403,1.26015633403851,1,12.358458961474,1,13.2797319932998
400,5,14,0.599,0.21230165014411,0.401,1.26870809279644,1,11.2320534223706,1,12.1452420701169
400,5,15,0.603,0.216830836474203,0.397,1.23704686435512,1,11.3980099502488,1,12.3034825870647
400,5,16,0.596,0.229563234409147,0.404,1.27007063716878,1,12.1946308724832,1,13.1258389261745
400,5,17,0.595,0.228613055458778,0.405,1.28912833016602,1,12.1831932773109,1,13.0773109243697
400,5,18,0.585,0.235549361796472,0.415,1.29827172003299,1,12.7521367521368,1,13.6700854700855
400,5,19,0.576,0.210813036455199,0.424,1.33475563842375,1,11.5902777777778,1,12.5190972222222
400,5,20,0.589,0.243942609191398,0.411,1.27222202301983,1,13.106960950764,1,14.0458404074703
400,5,21,0.573,0.204383492224369,0.427,1.32991502025888,1,11.3019197207679,1,12.2216404886562
400,5,22,0.609,0.195071738510753,0.391,1.23317436982323,1,10.1642036124795,1,11.0591133004926
400,5,23,0.596,0.224812339657302,0.404,1.26858259528847,1,11.9546979865772,1,12.8607382550336
400,5,24,0.609,0.224622303867228,0.391,1.22697120728603,1,11.6929392446634,1,12.5927750410509
400,5,25,0.625,0.200266050106103,0.375,1.18082398078095,1,10.1488,1,11.0832
400,5,26,0.594,0.215848984892155,0.406,1.26187744271935,1,11.513468013468,1,12.4276094276094
400,5,27,0.577,0.199220853260697,0.423,1.31657642798236,1,10.9584055459272,1,11.8388214904679
400,5,28,0.596,0.224305577550439,0.404,1.26548101401986,1,11.9278523489933,1,12.8322147651007
400,5,29,0.577,0.194786684825642,0.423,1.33565204919502,1,10.686308492201,1,11.6239168110919
400,5,30,0.614,0.227726221771767,0.386,1.21693140664778,1,11.7491856677524,1,12.6612377850163
400,5,31,0.63,0.224368922813797,0.37,1.13817275628384,1,11.2793650793651,1,12.2063492063492
400,5,32,0.61,0.198143983783613,0.39,1.22740148445624,1,10.3,1,11.2081967213115
400,5,33,0.599,0.206980648022044,0.401,1.24923805084442,1,10.9515859766277,1,11.864774624374
400,5,34,0.604,0.240743673391822,0.396,1.23961059916096,1,12.6274834437086,1,13.5380794701987
400,5,35,0.587,0.218921230165014,0.413,1.30434938506221,1,11.8109028960818,1,12.7291311754685
400,5,36,0.6,0.217907705951288,0.4,1.25612248556779,1,11.5166666666667,1,12.4133333333333
400,5,37,0.586,0.205650397491528,0.414,1.28387536304636,1,11.1211604095563,1,12.0358361774744
400,5,38,0.613,0.214487061729959,0.387,1.20436372763455,1,11.094616639478,1,11.9983686786297
400,5,39,0.609,0.2297849428309,0.391,1.23231381548281,1,11.952380952381,1,12.8735632183908
400,5,40,0.621,0.219713045956989,0.379,1.17684391695651,1,11.1980676328502,1,12.1400966183575
400,5,41,0.604,0.21629240173566,0.396,1.24376994513966,1,11.341059602649,1,12.2682119205298
400,5,42,0.606,0.221423368067653,0.394,1.22282978952275,1,11.5759075907591,1,12.493399339934
400,5,43,0.569,0.194691666930605,0.431,1.3438093872136,1,10.8506151142355,1,11.7557117750439
400,5,44,0.573,0.20127957431983,0.427,1.3264728028972,1,11.1326352530541,1,12.043630017452
400,5,45,0.558,0.179362113197986,0.442,1.38866578220804,1,10.2025089605735,1,11.0913978494624
400,5,46,0.577,0.192157856396288,0.423,1.31247086664993,1,10.5667244367418,1,11.4575389948007
400,5,47,0.589,0.220156462800494,0.411,1.27933952454373,1,11.8217317487267,1,12.7775891341256
400,5,48,0.573,0.194628321667247,0.427,1.31912223457277,1,10.7626527050611,1,11.6858638743456
400,5,49,0.563,0.199474234314129,0.437,1.35906629854064,1,11.2220248667851,1,12.1474245115453
400,5,50,0.604,0.21629240173566,0.396,1.22440747248019,1,11.3592715231788,1,12.2516556291391
400,5,51,0.598,0.216482437525734,0.402,1.25974398508372,1,11.4565217391304,1,12.3996655518395
400,5,52,0.607,0.211066417508631,0.393,1.2443615762487,1,11.0164744645799,1,11.9390444810544
400,5,53,0.571,0.215247204890254,0.429,1.34995876510452,1,11.9422066549912,1,12.8581436077058
400,5,54,0.616,0.204826909067874,0.384,1.18613073254688,1,10.5324675324675,1,11.4561688311688
400,5,55,0.609,0.214487061729959,0.391,1.22218437376744,1,11.1576354679803,1,12.0788177339901
400,5,56,0.59,0.216514110157413,0.41,1.29698088852236,1,11.6305084745763,1,12.535593220339
400,5,57,0.578,0.213125138567764,0.422,1.29393309190003,1,11.6885813148789,1,12.5916955017301
400,5,58,0.556,0.206980648022044,0.444,1.39205421492345,1,11.7967625899281,1,12.7086330935252
400,5,59,0.588,0.202166408006841,0.412,1.30001075692926,1,10.8894557823129,1,11.8197278911565
400,5,60,0.59,0.217907705951288,0.41,1.27062641184696,1,11.7084745762712,1,12.6135593220339
400,5,61,0.601,0.21660912805245,0.399,1.25341532503855,1,11.4226289517471,1,12.3361064891847
400,5,62,0.565,0.218921230165014,0.435,1.34068987772957,1,12.2637168141593,1,13.1964601769912
400,5,63,0.585,0.224147214392044,0.415,1.28496898418731,1,12.1282051282051,1,13.0632478632479
400,5,64,0.595,0.222785291229848,0.405,1.2729750080677,1,11.855462184874,1,12.7882352941176
400,5,65,0.609,0.204193456434295,0.391,1.23595324321417,1,10.6174055829228,1,11.551724137931
400,5,66,0.582,0.201184556424793,0.418,1.30755853562336,1,10.9501718213058,1,11.872852233677
400,5,67,0.606,0.226776042821398,0.394,1.20918641758399,1,11.8580858085809,1,12.7706270627063
400,5,68,0.557,0.189243974281823,0.443,1.38653232457241,1,10.7719928186715,1,11.6804308797127
400,5,69,0.574,0.205618724859849,0.426,1.35270178206461,1,11.3414634146341,1,12.2700348432056
400,5,70,0.587,0.200202704842745,0.413,1.31259636415791,1,10.8109028960818,1,11.7240204429302
400,5,71,0.591,0.19637031640959,0.409,1.28498691240274,1,10.5346869712352,1,11.4416243654822
400,5,72,0.596,0.205967123808317,0.404,1.26019219046936,1,10.9513422818792,1,11.8657718120805
400,5,73,0.615,0.207519082760587,0.385,1.19163469468249,1,10.6878048780488,1,11.6130081300813
400,5,74,0.593,0.220409843853926,0.407,1.26218222238158,1,11.7706576728499,1,12.6998313659359
400,5,75,0.6,0.190352516390587,0.4,1.25189142672738,1,10.05,1,10.9783333333333
400,5,76,0.612,0.209799512241472,0.388,1.20744738068773,1,10.8578431372549,1,11.7875816993464
400,5,77,0.544,0.20251480695531,0.456,1.42471942342859,1,11.78125,1,12.7242647058824
400,5,78,0.583,0.189148956386786,0.417,1.31689913586002,1,10.2830188679245,1,11.2006861063465
400,5,79,0.592,0.221771767016121,0.408,1.30051274696117,1,11.8733108108108,1,12.7787162162162
400,5,80,0.612,0.209482785924682,0.388,1.20283982932339,1,10.8480392156863,1,11.7647058823529
400,5,81,0.614,0.195040065879074,0.386,1.20484778945104,1,10.0700325732899,1,10.9804560260586
400,5,82,0.575,0.213125138567764,0.425,1.33999067732798,1,11.744347826087,1,12.655652173913
400,5,83,0.613,0.244100972349793,0.387,1.21705690415576,1,12.6394779771615,1,13.5008156606852
400,5,84,0.598,0.204510182751085,0.402,1.25606870092151,1,10.8294314381271,1,11.7625418060201
400,5,85,0.576,0.205365343806417,0.424,1.32145290257808,1,11.2934027777778,1,12.21875
400,5,86,0.592,0.223767142811896,0.408,1.29671196529097,1,11.9712837837838,1,12.8969594594595
400,5,87,0.576,0.198365692205365,0.424,1.3253433253254,1,10.9097222222222,1,11.8350694444444
400,5,88,0.584,0.20311658695721,0.416,1.30268206102765,1,11.013698630137,1,11.9417808219178
400,5,89,0.603,0.22579419123935,0.397,1.24681774176199,1,11.8723051409619,1,12.771144278607
400,5,90,0.599,0.213188483831122,0.401,1.2568396141848,1,11.2737896494157,1,12.1969949916528
400,5,91,0.585,0.225635828080955,0.415,1.29880956649575,1,12.2136752136752,1,13.1418803418803
400,5,92,0.574,0.233680676527413,0.426,1.34233927354871,1,12.8867595818815,1,13.8188153310105
400,5,93,0.604,0.21692585436924,0.396,1.22966043959984,1,11.3890728476821,1,12.2831125827815
400,5,94,0.587,0.197668894308428,0.413,1.29669403707555,1,10.6746166950596,1,11.5843270868825
400,5,95,0.572,0.215025496468502,0.428,1.34601455771093,1,11.9020979020979,1,12.8304195804196
400,5,96,0.595,0.212174959617395,0.405,1.25386353042418,1,11.3058823529412,1,12.2084033613445
400,5,97,0.575,0.22212016596459,0.425,1.31494496037864,1,12.2347826086957,1,13.1547826086957
400,5,98,0.59,0.210686345928483,0.41,1.28665423643731,1,11.3169491525424,1,12.228813559322
400,5,99,0.601,0.233649003895734,0.399,1.24674602890028,1,12.3211314475874,1,13.2212978369384
400,5,100,0.593,0.226459316504608,0.407,1.27455269102514,1,12.0860033726813,1,13.0252951096121
