AsexualSexual,Run,pEscape,timeEscape,pExtinct,timeExtinct,pRWplant,timeRWplant,pRRplant,timeRRplant
0,1,0.119,5.10084033613445,0.881,Inf,1,5.12605042016807,1,6.07563025210084
0,2,0.116,2.72765957446809,0.884,Inf,1,5.57758620689655,1,6.47413793103448
0,3,0.125,1.74722222222222,0.875,Inf,1,5.08,1,5.984
0,4,0.124,1.30578512396694,0.876,Inf,1,5.18548387096774,1,6.00806451612903
0,5,0.103,0.805792163543441,0.897,Inf,1,4.63106796116505,1,5.55339805825243
0,6,0.109,0.640804597701149,0.891,Inf,1,4.14678899082569,1,5.03669724770642
0,7,0.126,0.78345498783455,0.874,Inf,1,5.19047619047619,1,6.03174603174603
0,8,0.111,0.619506966773848,0.889,Inf,1,5.22522522522523,1,6.18918918918919
0,9,0.118,0.508087535680305,0.882,Inf,1,4.55084745762712,1,5.5
0,10,0.122,0.51150895140665,0.878,Inf,1,4.95081967213115,1,5.88524590163934
0,11,0.11,0.437256430241621,0.89,Inf,1,5.13636363636364,1,6.06363636363636
0,12,0.112,0.379928315412186,0.888,Inf,1,4.79464285714286,1,5.66964285714286
0,13,0.105,0.36,0.895,Inf,1,5.16190476190476,1,6.11428571428571
0,14,0.127,0.402581438229871,0.873,Inf,1,5.18897637795276,1,6.1259842519685
0,15,0.105,0.286951501154734,0.895,Inf,1,4.77142857142857,1,5.6952380952381
0,16,0.117,0.28664142779881,0.883,Inf,1,4.5982905982906,1,5.46153846153846
0,17,0.113,0.285932721712538,0.887,Inf,1,4.99115044247788,1,5.93805309734513
0,18,0.111,0.244090689821515,0.889,Inf,1,4.58558558558559,1,5.53153153153153
0,19,0.12,0.260373917008664,0.88,Inf,1,4.83333333333333,1,5.68333333333333
0,20,0.119,0.277681660899654,0.881,Inf,1,5.4453781512605,1,6.33613445378151
0,21,0.113,0.26680412371134,0.887,Inf,1,5.75221238938053,1,6.69911504424779
0,22,0.107,0.2326224328594,0.893,Inf,1,5.51401869158879,1,6.49532710280374
0,23,0.125,0.22882950696274,0.875,Inf,1,4.92,1,5.808
0,24,0.101,0.172951414068165,0.899,Inf,1,4.76237623762376,1,5.68316831683168
0,25,0.121,0.186870441125391,0.879,Inf,1,4.51239669421488,1,5.3801652892562
0,26,0.119,0.195130086724483,0.881,Inf,1,4.96638655462185,1,5.86554621848739
0,27,0.106,0.192332474226804,0.894,Inf,1,5.66981132075472,1,6.59433962264151
0,28,0.103,0.187402556906766,0.897,Inf,1,5.90291262135922,1,6.76699029126214
0,29,0.111,0.187160940325497,0.889,Inf,1,5.62162162162162,1,6.56756756756757
0,30,0.126,0.18815331010453,0.874,Inf,1,5.19047619047619,1,6.09523809523809
0,31,0.11,0.142093415869443,0.89,Inf,1,4.63636363636364,1,5.54545454545455
0,32,0.125,0.182114705082903,0.875,Inf,1,5.416,1,6.304
0,33,0.122,0.18442515127598,0.878,Inf,1,5.80327868852459,1,6.68852459016393
0,34,0.133,0.171326893746823,0.867,Inf,1,5.11278195488722,1,6.02255639097744
0,35,0.122,0.164694280078895,0.878,Inf,1,5.50819672131148,1,6.4344262295082
0,36,0.119,0.128862275449102,0.881,Inf,1,4.57983193277311,1,5.46218487394958
0,37,0.118,0.140228278593058,0.882,Inf,1,5.1271186440678,1,6.07627118644068
0,38,0.11,0.121508062684533,0.89,Inf,1,4.87272727272727,1,5.85454545454545
0,39,0.111,0.140451927337173,0.889,Inf,1,5.72972972972973,1,6.69369369369369
0,40,0.121,0.131823085221143,0.879,Inf,1,5.09090909090909,1,6.00826446280992
0,41,0.118,0.131075110456554,0.882,Inf,1,5.33898305084746,1,6.22033898305085
0,42,0.124,0.130408037728112,0.876,Inf,1,5.17741935483871,1,6.08064516129032
0,43,0.103,0.121084337349398,0.897,Inf,1,5.87378640776699,1,6.8252427184466
0,44,0.103,0.0901042691324021,0.897,Inf,1,4.49514563106796,1,5.39805825242718
0,45,0.086,0.0804797833236603,0.914,Inf,1,4.86046511627907,1,5.81395348837209
0,46,0.117,0.109534619750284,0.883,Inf,1,5.01709401709402,1,5.88034188034188
0,47,0.108,0.10604375231739,0.892,Inf,1,5.36111111111111,1,6.23148148148148
0,48,0.093,0.085657007472207,0.907,Inf,1,5.11827956989247,1,5.98924731182796
0,49,0.107,0.0981408652127279,0.893,Inf,1,5.1588785046729,1,6.10280373831776
0,50,0.107,0.0905104367654797,0.893,Inf,1,4.88785046728972,1,5.75700934579439
0,51,0.138,0.132043158075013,0.862,Inf,1,5.63768115942029,1,6.53623188405797
0,52,0.115,0.0992610010077259,0.885,Inf,1,5.15652173913043,1,6.12173913043478
0,53,0.095,0.0892709538766738,0.905,Inf,1,5.72631578947368,1,6.64210526315789
0,54,0.112,0.0882973543255965,0.888,Inf,1,4.91071428571429,1,5.80357142857143
0,55,0.106,0.0844104037019307,0.894,Inf,1,5.04716981132075,1,5.93396226415094
0,56,0.125,0.0982478097622028,0.875,Inf,1,5.048,1,6
0,57,0.116,0.0803626306084819,0.884,Inf,1,4.57758620689655,1,5.43965517241379
0,58,0.117,0.0816603773584906,0.883,Inf,1,4.64102564102564,1,5.60683760683761
0,59,0.106,0.0791858564849205,0.894,Inf,1,5.08490566037736,1,5.9622641509434
0,60,0.114,0.0793279766252739,0.886,Inf,1,4.79824561403509,1,5.7280701754386
0,61,0.113,0.0813452141419948,0.887,Inf,1,5.04424778761062,1,5.97345132743363
0,62,0.112,0.0637906647807638,0.888,Inf,1,4.10714285714286,1,4.94642857142857
0,63,0.115,0.0853166318719555,0.885,Inf,1,5.34782608695652,1,6.31304347826087
0,64,0.126,0.0770072493502941,0.874,Inf,1,4.53174603174603,1,5.40476190476191
0,65,0.124,0.0759919300605245,0.876,Inf,1,4.65322580645161,1,5.45967741935484
0,66,0.139,0.0811988381304463,0.861,Inf,1,4.46043165467626,1,5.38848920863309
0,67,0.13,0.0767133956386293,0.87,Inf,1,4.6,1,5.49230769230769
0,68,0.123,0.0801073208125719,0.877,Inf,1,5.15447154471545,1,6.04065040650407
0,69,0.106,0.0644144711962688,0.894,Inf,1,4.86792452830189,1,5.77358490566038
0,70,0.111,0.063276976628543,0.889,Inf,1,4.62162162162162,1,5.54954954954955
0,71,0.101,0.0585635359116022,0.899,Inf,1,4.74257425742574,1,5.7029702970297
0,72,0.109,0.0678458929004119,0.891,Inf,1,5.15596330275229,1,6.11926605504587
0,73,0.131,0.0769230769230769,0.869,Inf,1,5,1,5.84732824427481
0,74,0.132,0.0865328167195022,0.868,Inf,1,5.62878787878788,1,6.53787878787879
0,75,0.116,0.0568747828101471,0.884,Inf,1,4.25862068965517,1,5.20689655172414
0,76,0.115,0.0642432556012803,0.885,Inf,1,4.92173913043478,1,5.85217391304348
0,77,0.112,0.0743792325056433,0.888,Inf,1,5.91071428571429,1,6.85714285714286
0,78,0.126,0.0815713331849544,0.874,Inf,1,5.84920634920635,1,6.78571428571429
0,79,0.122,0.0752086078173035,0.878,Inf,1,5.63114754098361,1,6.5983606557377
0,80,0.108,0.0583767361111111,0.892,Inf,1,5.02777777777778,1,5.93518518518519
0,81,0.119,0.0674879485806106,0.881,Inf,1,5.34453781512605,1,6.2436974789916
0,82,0.114,0.0676262038310932,0.886,Inf,1,5.60526315789474,1,6.60526315789474
0,83,0.139,0.0712348769294952,0.861,Inf,1,4.94964028776978,1,5.87769784172662
0,84,0.111,0.0590782554902567,0.889,Inf,1,5.18918918918919,1,6.13513513513514
0,85,0.13,0.0567707803438804,0.87,Inf,1,4.34615384615385,1,5.23846153846154
0,86,0.101,0.0382678751258812,0.899,Inf,1,3.8019801980198,1,4.72277227722772
0,87,0.125,0.0644455494778717,0.875,Inf,1,5.224,1,6.144
0,88,0.108,0.0552986322936141,0.892,Inf,1,5.24074074074074,1,6.16666666666667
0,89,0.131,0.0722751117155625,0.869,Inf,1,5.72519083969466,1,6.63358778625954
0,90,0.116,0.0556195965417867,0.884,Inf,1,5.03448275862069,1,5.94827586206897
0,91,0.113,0.045424308657227,0.887,Inf,1,4.28318584070797,1,5.17699115044248
0,92,0.1,0.0443377576955662,0.9,Inf,1,4.78,1,5.64
0,93,0.123,0.0539735715615113,0.877,Inf,1,4.75609756097561,1,5.67479674796748
0,94,0.095,0.0358822986809335,0.905,Inf,1,4.12631578947368,1,5.06315789473684
0,95,0.096,0.051385206180854,0.904,Inf,1,5.90625,1,6.80208333333333
0,96,0.101,0.0461134263453524,0.899,Inf,1,5.0990099009901,1,5.98019801980198
0,97,0.132,0.0632050134288272,0.868,Inf,1,5.39393939393939,1,6.3030303030303
0,98,0.106,0.0511706278822277,0.894,Inf,1,5.49056603773585,1,6.39622641509434
0,99,0.105,0.0434935418680257,0.895,Inf,1,4.79047619047619,1,5.63809523809524
0,100,0.121,0.0513823682837767,0.879,Inf,1,4.96694214876033,1,5.80165289256198
0.00207185590932769,1,0.13,0.0721613632411754,0.87,Inf,1,6.40769230769231,1,7.36153846153846
0.00207185590932769,2,0.111,0.0541644931316293,0.889,Inf,1,5.67567567567568,1,6.54954954954955
0.00207185590932769,3,0.108,0.0491218918448965,0.892,Inf,1,5.26851851851852,1,6.19444444444444
0.00207185590932769,4,0.119,0.0562510867675187,0.881,Inf,1,5.47058823529412,1,6.39495798319328
0.00207185590932769,5,0.113,0.0679881759693966,0.887,Inf,1,6.94690265486726,1,7.89380530973451
0.00207185590932769,6,0.133,0.0711180664232307,0.867,Inf,1,6.18045112781955,1,7.1203007518797
0.00207185590932769,7,0.132,0.0639019300991132,0.868,Inf,1,5.59848484848485,1,6.53787878787879
0.00207185590932769,8,0.132,0.063641105894627,0.868,Inf,1,5.62121212121212,1,6.46969696969697
0.00207185590932769,9,0.131,0.0652060511215441,0.869,Inf,1,5.76335877862595,1,6.68702290076336
0.00207185590932769,10,0.108,0.0568596765779864,0.892,Inf,1,6.08333333333333,1,7.02777777777778
0.00207185590932769,11,0.124,0.0585115632063989,0.876,Inf,1,5.44354838709677,1,6.39516129032258
0.00207185590932769,12,0.123,0.0688575899843505,0.877,Inf,1,6.51219512195122,1,7.36585365853659
0.00207185590932769,13,0.103,0.0513823682837767,0.897,Inf,1,5.80582524271845,1,6.66990291262136
0.00207185590932769,14,0.152,0.0751173708920188,0.848,Inf,1,5.73026315789474,1,6.63815789473684
0.00207185590932769,15,0.132,0.0651191097200487,0.868,Inf,1,5.71212121212121,1,6.63636363636364
0.00207185590932769,16,0.142,0.066075465136498,0.858,Inf,1,5.40140845070423,1,6.30281690140845
0.00207185590932769,17,0.139,0.0823335072161363,0.861,Inf,1,6.85611510791367,1,7.76978417266187
0.00207185590932769,18,0.127,0.0606850982437837,0.873,Inf,1,5.52755905511811,1,6.46456692913386
0.00207185590932769,19,0.131,0.0794644409667884,0.869,Inf,1,7.02290076335878,1,7.93129770992366
0.00207185590932769,20,0.119,0.0569466179794818,0.881,Inf,1,5.52100840336134,1,6.48739495798319
0.00207185590932769,21,0.147,0.0619022778647192,0.853,Inf,1,4.91836734693878,1,5.7687074829932
0.00207185590932769,22,0.124,0.0727699530516432,0.876,Inf,1,6.79838709677419,1,7.70161290322581
0.00207185590932769,23,0.145,0.0658146409320118,0.855,Inf,1,5.26206896551724,1,6.17931034482759
0.00207185590932769,24,0.135,0.054773082942097,0.865,Inf,1,4.68148148148148,1,5.65185185185185
0.00207185590932769,25,0.134,0.0643366371065902,0.866,Inf,1,5.55970149253731,1,6.48507462686567
0.00207185590932769,26,0.123,0.0679012345679012,0.877,Inf,1,6.3739837398374,1,7.32520325203252
0.00207185590932769,27,0.135,0.0683359415753782,0.865,Inf,1,5.85185185185185,1,6.79259259259259
0.00207185590932769,28,0.131,0.0641627543035994,0.869,Inf,1,5.66412213740458,1,6.59541984732824
0.00207185590932769,29,0.12,0.0520778994957399,0.88,Inf,1,5.05,1,5.93333333333333
0.00207185590932769,30,0.122,0.0642496957050948,0.878,Inf,1,6.0983606557377,1,7.01639344262295
0.00207185590932769,31,0.13,0.0671187619544427,0.87,Inf,1,5.99230769230769,1,6.88461538461539
0.00207185590932769,32,0.125,0.0631194574856547,0.875,Inf,1,5.832,1,6.784
0.00207185590932769,33,0.134,0.0582507390019127,0.866,Inf,1,5.01492537313433,1,5.98507462686567
0.00207185590932769,34,0.143,0.0736393670665971,0.857,Inf,1,5.96503496503496,1,6.88111888111888
0.00207185590932769,35,0.122,0.0461658841940532,0.878,Inf,1,4.39344262295082,1,5.31147540983607
0.00207185590932769,36,0.14,0.0679012345679012,0.86,Inf,1,5.60714285714286,1,6.55
0.00207185590932769,37,0.129,0.0711180664232307,0.871,Inf,1,6.34883720930233,1,7.33333333333333
0.00207185590932769,38,0.118,0.0559033211615371,0.882,Inf,1,5.49152542372881,1,6.40677966101695
0.00207185590932769,39,0.132,0.0672057033559381,0.868,Inf,1,5.90909090909091,1,6.8030303030303
0.00207185590932769,40,0.152,0.0766823161189358,0.848,Inf,1,5.85526315789474,1,6.75
0.00207185590932769,41,0.141,0.0625108676751869,0.859,Inf,1,5.13475177304965,1,6.06382978723404
0.00207185590932769,42,0.109,0.0515562510867675,0.891,Inf,1,5.4954128440367,1,6.38532110091743
0.00207185590932769,43,0.13,0.0760737263084681,0.87,Inf,1,6.76153846153846,1,7.7
0.00207185590932769,44,0.127,0.0654668753260303,0.873,Inf,1,5.96062992125984,1,6.89763779527559
0.00207185590932769,45,0.14,0.0705964180142584,0.86,Inf,1,5.85,1,6.75
0.00207185590932769,46,0.137,0.0646844027125717,0.863,Inf,1,5.45985401459854,1,6.4014598540146
0.00207185590932769,47,0.147,0.0849417492609981,0.853,Inf,1,6.68027210884354,1,7.61224489795918
0.00207185590932769,48,0.136,0.0698139454007999,0.864,Inf,1,5.91176470588235,1,6.89705882352941
0.00207185590932769,49,0.136,0.0619022778647192,0.864,Inf,1,5.26470588235294,1,6.20588235294118
0.00207185590932769,50,0.121,0.0538167275256477,0.879,Inf,1,5.18181818181818,1,6.0495867768595
0.00207185590932769,51,0.119,0.056772735176491,0.881,Inf,1,5.51260504201681,1,6.46218487394958
0.00207185590932769,52,0.128,0.0578160319944358,0.872,Inf,1,5.265625,1,6.125
0.00207185590932769,53,0.129,0.0687706485828552,0.871,Inf,1,6.14728682170543,1,7.11627906976744
0.00207185590932769,54,0.126,0.0693792383933229,0.874,Inf,1,6.38888888888889,1,7.26984126984127
0.00207185590932769,55,0.123,0.0538167275256477,0.877,Inf,1,5.07317073170732,1,5.99186991869919
0.00207185590932769,56,0.121,0.0645974613110763,0.879,Inf,1,6.19834710743802,1,7.08264462809917
0.00207185590932769,57,0.119,0.0537297861241523,0.881,Inf,1,5.2436974789916,1,6.14285714285714
0.00207185590932769,58,0.111,0.0518170752912537,0.889,Inf,1,5.43243243243243,1,6.30630630630631
0.00207185590932769,59,0.137,0.0748565466875326,0.863,Inf,1,6.32846715328467,1,7.24087591240876
0.00207185590932769,60,0.14,0.0639888715006086,0.86,Inf,1,5.3,1,6.21428571428571
0.00207185590932769,61,0.126,0.0664232307424796,0.874,Inf,1,6.09523809523809,1,7.03174603174603
0.00207185590932769,62,0.127,0.0740740740740741,0.873,Inf,1,6.73228346456693,1,7.68503937007874
0.00207185590932769,63,0.134,0.0689445313858459,0.866,Inf,1,5.95522388059702,1,6.88059701492537
0.00207185590932769,64,0.137,0.0676404103634151,0.863,Inf,1,5.70802919708029,1,6.64963503649635
0.00207185590932769,65,0.149,0.0693792383933229,0.851,Inf,1,5.38926174496644,1,6.32214765100671
0.00207185590932769,66,0.132,0.066075465136498,0.868,Inf,1,5.78030303030303,1,6.73484848484848
0.00207185590932769,67,0.126,0.0606850982437837,0.874,Inf,1,5.54761904761905,1,6.53174603174603
0.00207185590932769,68,0.126,0.057642149191445,0.874,Inf,1,5.32539682539683,1,6.1984126984127
0.00207185590932769,69,0.114,0.0565988523735003,0.886,Inf,1,5.75438596491228,1,6.66666666666667
0.00207185590932769,70,0.121,0.0573813249869588,0.879,Inf,1,5.47933884297521,1,6.4297520661157
0.00207185590932769,71,0.14,0.0765953747174404,0.86,Inf,1,6.31428571428571,1,7.26428571428571
0.00207185590932769,72,0.139,0.0696400625978091,0.861,Inf,1,5.79856115107914,1,6.72661870503597
0.00207185590932769,73,0.149,0.0742479568770649,0.851,Inf,1,5.77181208053691,1,6.69127516778523
0.00207185590932769,74,0.157,0.0866805772909059,0.843,Inf,1,6.38853503184713,1,7.31210191082803
0.00207185590932769,75,0.12,0.0604242740392975,0.88,Inf,1,5.80833333333333,1,6.775
0.00207185590932769,76,0.132,0.0622500434707007,0.868,Inf,1,5.45454545454545,1,6.39393939393939
0.00207185590932769,77,0.148,0.0766823161189358,0.852,Inf,1,6,1,6.91891891891892
0.00207185590932769,78,0.124,0.0737263084680925,0.876,Inf,1,6.87096774193548,1,7.80645161290323
0.00207185590932769,79,0.118,0.0598156842288298,0.882,Inf,1,5.89830508474576,1,6.76271186440678
0.00207185590932769,80,0.145,0.0751173708920188,0.855,Inf,1,6.01379310344828,1,6.90344827586207
0.00207185590932769,81,0.127,0.0604242740392975,0.873,Inf,1,5.51968503937008,1,6.4251968503937
0.00207185590932769,82,0.121,0.0615545122587376,0.879,Inf,1,5.87603305785124,1,6.82644628099174
0.00207185590932769,83,0.151,0.074943488089028,0.849,Inf,1,5.74834437086093,1,6.66887417218543
0.00207185590932769,84,0.135,0.0654668753260303,0.865,Inf,1,5.58518518518519,1,6.57037037037037
0.00207185590932769,85,0.129,0.0632063988871501,0.871,Inf,1,5.65116279069767,1,6.62015503875969
0.00207185590932769,86,0.137,0.0664232307424796,0.863,Inf,1,5.64233576642336,1,6.51094890510949
0.00207185590932769,87,0.112,0.0430359937402191,0.888,Inf,1,4.4375,1,5.39285714285714
0.00207185590932769,88,0.127,0.0607720396452791,0.873,Inf,1,5.54330708661417,1,6.45669291338583
0.00207185590932769,89,0.148,0.072943835854634,0.852,Inf,1,5.72972972972973,1,6.60810810810811
0.00207185590932769,90,0.151,0.07094418362024,0.849,Inf,1,5.43708609271523,1,6.36423841059603
0.00207185590932769,91,0.141,0.0821596244131455,0.859,Inf,1,6.76595744680851,1,7.63829787234043
0.00207185590932769,92,0.135,0.0735524256651017,0.865,Inf,1,6.2962962962963,1,7.23703703703704
0.00207185590932769,93,0.148,0.0885063467223092,0.852,Inf,1,6.90540540540541,1,7.85135135135135
0.00207185590932769,94,0.129,0.0668579377499565,0.871,Inf,1,5.97674418604651,1,6.94573643410853
0.00207185590932769,95,0.139,0.0858981046774474,0.861,Inf,1,7.14388489208633,1,8.07194244604317
0.00207185590932769,96,0.137,0.0679012345679012,0.863,Inf,1,5.75912408759124,1,6.64233576642336
0.00207185590932769,97,0.134,0.0599026256303252,0.866,Inf,1,5.15671641791045,1,6.12686567164179
0.00207185590932769,98,0.118,0.0659015823335072,0.882,Inf,1,6.47457627118644,1,7.3728813559322
0.00207185590932769,99,0.125,0.0631194574856547,0.875,Inf,1,5.816,1,6.8
0.00207185590932769,100,0.107,0.0530342549121892,0.893,Inf,1,5.7196261682243,1,6.68224299065421
0.00418352527745737,1,0.156,0.0803338549817423,0.844,69.0936018957346,1,5.96153846153846,1,6.88461538461539
0.00418352527745737,2,0.168,0.090679881759694,0.832,34.3973747016706,1,6.23809523809524,1,7.17857142857143
0.00418352527745737,3,0.148,0.08981046774474,0.852,23.3856803797468,1,7,1,7.95945945945946
0.00418352527745737,4,0.162,0.0960702486524083,0.838,17.249257278669,1,6.85185185185185,1,7.79012345679012
0.00418352527745737,5,0.16,0.083376804034081,0.84,13.830242510699,1,6.03125,1,6.95625
0.00418352527745737,6,0.159,0.0947661276299774,0.841,11.5710322964137,1,6.87421383647799,1,7.83018867924528
0.00418352527745737,7,0.15,0.0918101199791341,0.85,9.98660335763948,1,7.07333333333333,1,8.00666666666667
0.00418352527745737,8,0.167,0.0996348461137194,0.833,8.5555720653789,1,6.91017964071856,1,7.81437125748503
0.00418352527745737,9,0.135,0.0737263084680925,0.865,7.88150098749177,1,6.3037037037037,1,7.25925925925926
0.00418352527745737,10,0.159,0.0917231785776387,0.841,6.96740161213845,1,6.67295597484277,1,7.59748427672956
0.00418352527745737,11,0.159,0.0948530690314728,0.841,6.32812331572707,1,6.88679245283019,1,7.83647798742138
0.00418352527745737,12,0.172,0.113197704747001,0.828,5.6786739238001,1,7.59883720930233,1,8.5406976744186
0.00418352527745737,13,0.156,0.0893757607372631,0.844,5.33290711480501,1,6.62820512820513,1,7.55128205128205
0.00418352527745737,14,0.143,0.0865936358894105,0.857,5.06615280365916,1,7,1,7.93006993006993
0.00418352527745737,15,0.145,0.0816379760041732,0.855,4.68012005370824,1,6.49655172413793,1,7.4551724137931
0.00418352527745737,16,0.141,0.0845070422535211,0.859,4.42522189349112,1,6.9290780141844,1,7.85815602836879
0.00418352527745737,17,0.172,0.100765084333159,0.828,4.00013939224979,1,6.75581395348837,1,7.72093023255814
0.00418352527745737,18,0.14,0.0808555033907147,0.86,3.91839821146765,1,6.66428571428571,1,7.61428571428571
0.00418352527745737,19,0.173,0.102330029560077,0.827,3.592641097599,1,6.83236994219653,1,7.77456647398844
0.00418352527745737,20,0.168,0.105807685619892,0.832,3.45420050987135,1,7.26785714285714,1,8.22023809523809
0.00418352527745737,21,0.154,0.0851156320639889,0.846,3.28826285778807,1,6.38961038961039,1,7.32467532467532
0.00418352527745737,22,0.171,0.0924187097896018,0.829,3.09616006903247,1,6.25730994152047,1,7.17543859649123
0.00418352527745737,23,0.152,0.0923317683881064,0.848,3.02465188241362,1,7.01315789473684,1,7.96052631578947
0.00418352527745737,24,0.144,0.0765953747174404,0.856,2.92902301689223,1,6.13888888888889,1,7.09722222222222
0.00418352527745737,25,0.147,0.107111806642323,0.853,2.81553628134035,1,8.41496598639456,1,9.34013605442177
0.00418352527745737,26,0.149,0.0976351938793253,0.851,2.68842824601367,1,7.56375838926174,1,8.51006711409396
0.00418352527745737,27,0.136,0.0817249174056686,0.864,2.66007714561234,1,6.92647058823529,1,7.89705882352941
0.00418352527745737,28,0.142,0.0785080855503391,0.858,2.51596823251098,1,6.40140845070423,1,7.3169014084507
0.00418352527745737,29,0.159,0.090679881759694,0.841,2.37722840941541,1,6.59119496855346,1,7.52830188679245
0.00418352527745737,30,0.155,0.0883324639193184,0.845,2.2965139206562,1,6.56774193548387,1,7.54193548387097
0.00418352527745737,31,0.166,0.107024865240828,0.834,2.21995265729994,1,7.43975903614458,1,8.39156626506024
0.00418352527745737,32,0.165,0.105546861415406,0.835,2.13915713915714,1,7.38787878787879,1,8.32727272727273
0.00418352527745737,33,0.159,0.108328986263259,0.841,2.09505526051385,1,7.89308176100629,1,8.77987421383648
0.00418352527745737,34,0.153,0.0933750652060511,0.847,2.05192408149051,1,7.03921568627451,1,8
0.00418352527745737,35,0.159,0.0941575378195097,0.841,1.96477872513195,1,6.85534591194969,1,7.76100628930818
0.00418352527745737,36,0.156,0.0877238741088506,0.844,1.91963815789474,1,6.5,1,7.43589743589744
0.00418352527745737,37,0.157,0.0980699008868023,0.843,1.88519028262331,1,7.22929936305732,1,8.14012738853503
0.00418352527745737,38,0.159,0.0961571900539037,0.841,1.80195736192495,1,7.0125786163522,1,7.89937106918239
0.00418352527745737,39,0.146,0.0844201008520257,0.854,1.79998785597183,1,6.69178082191781,1,7.60958904109589
0.00418352527745737,40,0.155,0.072509128847157,0.845,1.72776248408963,1,5.43225806451613,1,6.32903225806452
0.00418352527745737,41,0.16,0.0992001391062424,0.84,1.68350518441498,1,7.1625,1,8.1
0.00418352527745737,42,0.146,0.0879846983133368,0.854,1.66186543394312,1,6.93835616438356,1,7.91780821917808
0.00418352527745737,43,0.137,0.0784211441488437,0.863,1.64881673087507,1,6.5985401459854,1,7.56934306569343
0.00418352527745737,44,0.179,0.101025908537646,0.821,1.53036785877667,1,6.53631284916201,1,7.44692737430168
0.00418352527745737,45,0.162,0.0893757607372631,0.838,1.53261927945472,1,6.3641975308642,1,7.32716049382716
0.00418352527745737,46,0.134,0.0694661797948183,0.866,1.53240705004503,1,6,1,6.92537313432836
0.00418352527745737,47,0.133,0.0797252651712746,0.867,1.50231551394342,1,6.94736842105263,1,7.84210526315789
0.00418352527745737,48,0.137,0.0648582855155625,0.863,1.46683089050376,1,5.48905109489051,1,6.4014598540146
0.00418352527745737,49,0.153,0.10093896713615,0.847,1.41305921528884,1,7.61437908496732,1,8.56209150326797
0.00418352527745737,50,0.154,0.104068857589984,0.846,1.39796159667045,1,7.81168831168831,1,8.73376623376623
0.00418352527745737,51,0.139,0.0848548078595027,0.861,1.38295209622471,1,7.05755395683453,1,7.98561151079137
0.00418352527745737,52,0.151,0.0997217875152148,0.849,1.3321060048184,1,7.6158940397351,1,8.57615894039735
0.00418352527745737,53,0.163,0.0965049556598852,0.837,1.29671015947363,1,6.83435582822086,1,7.78527607361963
0.00418352527745737,54,0.153,0.0921578855851156,0.847,1.2831531018782,1,6.98039215686275,1,7.87581699346405
0.00418352527745737,55,0.162,0.110676404103634,0.838,1.25460017196905,1,7.88888888888889,1,8.82716049382716
0.00418352527745737,56,0.151,0.0845939836550165,0.849,1.24171926787561,1,6.48344370860927,1,7.40397350993377
0.00418352527745737,57,0.157,0.0970266040688576,0.843,1.20563345225255,1,7.15923566878981,1,8.05732484076433
0.00418352527745737,58,0.159,0.0936358894105373,0.841,1.19670560414246,1,6.78616352201258,1,7.76100628930818
0.00418352527745737,59,0.177,0.100504260128673,0.823,1.13699975940332,1,6.56497175141243,1,7.49717514124294
0.00418352527745737,60,0.159,0.0828551556251087,0.841,1.1501074590374,1,6.0251572327044,1,6.9622641509434
0.00418352527745737,61,0.149,0.0838984524430534,0.851,1.14827024511325,1,6.51677852348993,1,7.43624161073826
0.00418352527745737,62,0.149,0.0912884715701617,0.851,1.12270359983975,1,7.08724832214765,1,8.00671140939597
0.00418352527745737,63,0.141,0.0821596244131455,0.859,1.11770336724352,1,6.75886524822695,1,7.64539007092199
0.00418352527745737,64,0.144,0.0890279951312815,0.856,1.09463553404515,1,7.13194444444444,1,8.09027777777778
0.00418352527745737,65,0.149,0.0931142410015649,0.851,1.07598435937074,1,7.22147651006711,1,8.15436241610738
0.00418352527745737,66,0.15,0.0949400104329682,0.85,1.05070296409062,1,7.29333333333333,1,8.26666666666667
0.00418352527745737,67,0.136,0.0837245696400626,0.864,1.05523906947212,1,7.11764705882353,1,8.04411764705882
0.00418352527745737,68,0.15,0.0837245696400626,0.85,1.02533493197102,1,6.44666666666667,1,7.39333333333333
0.00418352527745737,69,0.161,0.100504260128673,0.839,1.0003939165582,1,7.21739130434783,1,8.13664596273292
0.00418352527745737,70,0.15,0.0837245696400626,0.85,0.996809480401094,1,6.44666666666667,1,7.39333333333333
0.00418352527745737,71,0.141,0.0808555033907147,0.859,0.990232457526998,1,6.61702127659574,1,7.57446808510638
0.00418352527745737,72,0.144,0.0758998435054773,0.856,0.967844076583597,1,6.11111111111111,1,7.01388888888889
0.00418352527745737,73,0.159,0.102330029560077,0.841,0.939654335372366,1,7.44025157232704,1,8.36477987421384
0.00418352527745737,74,0.151,0.0860719874804382,0.849,0.938684290343694,1,6.58940397350993,1,7.52317880794702
0.00418352527745737,75,0.158,0.0872891671013737,0.842,0.915019295896669,1,6.37974683544304,1,7.32911392405063
0.00418352527745737,76,0.128,0.0885932881238046,0.872,0.938312848641173,1,8.0078125,1,8.9140625
0.00418352527745737,77,0.134,0.07981220657277,0.866,0.92856814313969,1,6.87313432835821,1,7.82835820895522
0.00418352527745737,78,0.147,0.0908537645626847,0.853,0.889415218838913,1,7.15646258503401,1,8.06122448979592
0.00418352527745737,79,0.144,0.0815510346026778,0.856,0.891920157772067,1,6.58333333333333,1,7.44444444444444
0.00418352527745737,80,0.15,0.0806816205877239,0.85,0.870762149243162,1,6.22,1,7.15333333333333
0.00418352527745737,81,0.151,0.0975482524778299,0.849,0.859640687153036,1,7.4635761589404,1,8.39735099337748
0.00418352527745737,82,0.143,0.0772909059294036,0.857,0.853658185586,1,6.24475524475525,1,7.18881118881119
0.00418352527745737,83,0.16,0.09867849069727,0.84,0.819787282447958,1,7.125,1,8.0625
0.00418352527745737,84,0.159,0.0855503390714658,0.841,0.815003723531313,1,6.20125786163522,1,7.17610062893082
0.00418352527745737,85,0.16,0.0949400104329682,0.84,0.809648793900762,1,6.83125,1,7.81875
0.00418352527745737,86,0.148,0.0891149365327769,0.852,0.809815950920245,1,6.95945945945946,1,7.89189189189189
0.00418352527745737,87,0.168,0.0931142410015649,0.832,0.78115967595294,1,6.40476190476191,1,7.34523809523809
0.00418352527745737,88,0.152,0.0896365849417493,0.848,0.78665432446573,1,6.80921052631579,1,7.75657894736842
0.00418352527745737,89,0.164,0.103981916188489,0.836,0.771535083646205,1,7.33536585365854,1,8.25
0.00418352527745737,90,0.163,0.0931142410015649,0.837,0.761146246096518,1,6.60736196319018,1,7.53374233128834
0.00418352527745737,91,0.136,0.0774647887323944,0.864,0.773138898258907,1,6.58088235294118,1,7.52205882352941
0.00418352527745737,92,0.127,0.0801599721787515,0.873,0.77810419366012,1,7.2755905511811,1,8.23622047244094
0.00418352527745737,93,0.145,0.0994609633107286,0.855,0.751732101616628,1,7.91724137931034,1,8.86206896551724
0.00418352527745737,94,0.155,0.0965918970613806,0.845,0.736211723644399,1,7.18064516129032,1,8.15483870967742
0.00418352527745737,95,0.15,0.0999826117197009,0.85,0.73030148693805,1,7.69333333333333,1,8.64
0.00418352527745737,96,0.148,0.0866805772909059,0.852,0.724964045579143,1,6.75675675675676,1,7.71621621621622
0.00418352527745737,97,0.136,0.0835506868370718,0.864,0.726127199970809,1,7.07352941176471,1,8.05882352941176
0.00418352527745737,98,0.148,0.0965049556598852,0.852,0.713142086699009,1,7.52027027027027,1,8.47297297297297
0.00418352527745737,99,0.157,0.0872891671013737,0.843,0.699256363809705,1,6.4203821656051,1,7.36942675159236
0.00418352527745737,100,0.158,0.0866805772909059,0.842,0.684604856407957,1,6.35443037974684,1,7.26582278481013
0.00633616684032457,1,0.187,0.134672230916362,0.813,0.807006159001345,1,8.31016042780749,1,9.25668449197861
0.00633616684032457,2,0.18,0.117110067814293,0.82,0.818970196096939,1,7.50555555555556,1,8.46111111111111
0.00633616684032457,3,0.197,0.139801773604591,0.803,0.789060103357954,1,8.17766497461929,1,9.14720812182741
0.00633616684032457,4,0.161,0.128151625804208,0.839,0.835582981334214,1,9.17391304347826,1,10.1366459627329
0.00633616684032457,5,0.187,0.134498348113372,0.813,0.807135946386011,1,8.29411764705882,1,9.25133689839572
0.00633616684032457,6,0.178,0.124065379933925,0.822,0.824067300658376,1,8.02808988764045,1,9.00561797752809
0.00633616684032457,7,0.178,0.131455399061033,0.822,0.81344833282205,1,8.52808988764045,1,9.45505617977528
0.00633616684032457,8,0.181,0.132846461484959,0.819,0.807312929183283,1,8.46961325966851,1,9.41436464088398
0.00633616684032457,9,0.18,0.141192836028517,0.82,0.815996885102768,1,9.07222222222222,1,9.97222222222222
0.00633616684032457,10,0.146,0.108850634672231,0.854,0.844656299407698,1,8.58219178082192,1,9.56849315068493
0.00633616684032457,11,0.179,0.133194227090941,0.821,0.814958586025438,1,8.58100558659218,1,9.53631284916201
0.00633616684032457,12,0.193,0.144757433489828,0.807,0.802534393656937,1,8.64766839378238,1,9.60621761658031
0.00633616684032457,13,0.19,0.139280125195618,0.81,0.801071335866154,1,8.44736842105263,1,9.41052631578947
0.00633616684032457,14,0.165,0.113371587549991,0.835,0.826037709134672,1,7.92727272727273,1,8.87272727272727
0.00633616684032457,15,0.191,0.139888715006086,0.809,0.803478301909054,1,8.46073298429319,1,9.38743455497382
0.00633616684032457,16,0.167,0.126934446183272,0.833,0.832562474927437,1,8.75449101796407,1,9.73053892215569
0.00633616684032457,17,0.187,0.150582507390019,0.813,0.807478113127404,1,9.26737967914439,1,10.2513368983957
0.00633616684032457,18,0.187,0.131803164667014,0.813,0.805672888595229,1,8.11764705882353,1,9.09625668449198
0.00633616684032457,19,0.177,0.125021735350374,0.823,0.820043891733723,1,8.15254237288136,1,9.09604519774011
0.00633616684032457,20,0.165,0.123195965918971,0.835,0.830249899709748,1,8.64242424242424,1,9.53333333333333
0.00633616684032457,21,0.213,0.152060511215441,0.787,0.781697618991434,1,8.22535211267606,1,9.19718309859155
0.00633616684032457,22,0.194,0.134063641105895,0.806,0.800847157656276,1,7.98453608247423,1,8.91237113402062
0.00633616684032457,23,0.196,0.14623543731525,0.804,0.799631875781674,1,8.5969387755102,1,9.56632653061224
0.00633616684032457,24,0.167,0.12962962962963,0.833,0.827288387568728,1,8.96407185628743,1,9.89221556886227
0.00633616684032457,25,0.204,0.138932359589637,0.796,0.787951011161715,1,7.86274509803922,1,8.80392156862745
0.00633616684032457,26,0.171,0.12867327421318,0.829,0.825896122896854,1,8.67251461988304,1,9.6374269005848
0.00633616684032457,27,0.185,0.133889758302904,0.815,0.811867286499752,1,8.36216216216216,1,9.28648648648649
0.00633616684032457,28,0.168,0.136758824552252,0.832,0.830356089388111,1,9.38095238095238,1,10.3452380952381
0.00633616684032457,29,0.203,0.166840549469657,0.797,0.78806899969323,1,9.48275862068965,1,10.423645320197
0.00633616684032457,30,0.159,0.134411406711876,0.841,0.831028624017745,1,9.76100628930818,1,10.685534591195
0.00633616684032457,31,0.182,0.142496957050948,0.818,0.809460320456852,1,9.02747252747253,1,9.97802197802198
0.00633616684032457,32,0.214,0.145105199095809,0.786,0.782098779998584,1,7.81308411214953,1,8.78504672897196
0.00633616684032457,33,0.176,0.127456094592245,0.824,0.824161691483588,1,8.35227272727273,1,9.30681818181818
0.00633616684032457,34,0.179,0.137976004173187,0.821,0.807997262666069,1,8.88268156424581,1,9.84916201117318
0.00633616684032457,35,0.174,0.148235089549644,0.826,0.823359369469288,1,9.83333333333333,1,10.764367816092
0.00633616684032457,36,0.167,0.119718309859155,0.833,0.820881610307478,1,8.26946107784431,1,9.22155688622754
0.00633616684032457,37,0.18,0.14075812902104,0.82,0.821919909384808,1,9.01111111111111,1,9.97777777777778
0.00633616684032457,38,0.184,0.142410015649452,0.816,0.807714090190433,1,8.91304347826087,1,9.89130434782609
0.00633616684032457,39,0.198,0.156494522691706,0.802,0.795490478325507,1,9.11111111111111,1,10.0707070707071
0.00633616684032457,40,0.179,0.134759172317858,0.821,0.816280057578403,1,8.66480446927374,1,9.6536312849162
0.00633616684032457,41,0.188,0.145192140497305,0.812,0.807466314274253,1,8.89893617021277,1,9.86702127659574
0.00633616684032457,42,0.199,0.153364632237872,0.801,0.79832220308186,1,8.88442211055276,1,9.84422110552764
0.00633616684032457,43,0.173,0.107633455051295,0.827,0.822368265804564,1,7.1907514450867,1,8.121387283237
0.00633616684032457,44,0.167,0.123543731524952,0.833,0.829258796045024,1,8.53293413173653,1,9.47904191616766
0.00633616684032457,45,0.167,0.137454355764215,0.833,0.825294381386129,1,9.47305389221557,1,10.4610778443114
0.00633616684032457,46,0.167,0.135106937923839,0.833,0.825884324043703,1,9.32934131736527,1,10.2814371257485
0.00633616684032457,47,0.182,0.144670492088332,0.818,0.813247752318475,1,9.15384615384615,1,10.1318681318681
0.00633616684032457,48,0.177,0.152495218222918,0.823,0.816846402529674,1,9.93220338983051,1,10.8870056497175
0.00633616684032457,49,0.177,0.130412102243088,0.823,0.819595535313967,1,8.50847457627119,1,9.4406779661017
0.00633616684032457,50,0.17,0.133628934098418,0.83,0.818864006418576,1,9.05882352941176,1,10.0176470588235
0.00633616684032457,51,0.193,0.136150234741784,0.807,0.804150836538688,1,8.14507772020725,1,9.08290155440415
0.00633616684032457,52,0.198,0.148756737958616,0.802,0.798133421431437,1,8.66161616161616,1,9.62121212121212
0.00633616684032457,53,0.184,0.118240306033733,0.816,0.811973476178115,1,7.39673913043478,1,8.38586956521739
0.00633616684032457,54,0.191,0.13528082072683,0.809,0.801342709488638,1,8.17277486910995,1,9.12041884816754
0.00633616684032457,55,0.208,0.163189010606851,0.792,0.789827028812799,1,9.06730769230769,1,9.98076923076923
0.00633616684032457,56,0.168,0.13189010606851,0.832,0.825435967623947,1,9.07142857142857,1,9.98809523809524
0.00633616684032457,57,0.193,0.128934098417666,0.807,0.803277721405479,1,7.70984455958549,1,8.6580310880829
0.00633616684032457,58,0.206,0.145192140497305,0.794,0.784965901314392,1,8.14077669902913,1,9.07281553398058
0.00633616684032457,59,0.198,0.142931664058425,0.802,0.791301885456734,1,8.30808080808081,1,9.2979797979798
0.00633616684032457,60,0.187,0.130585985046079,0.813,0.808374825966916,1,8.07486631016043,1,8.98930481283423
0.00633616684032457,61,0.179,0.148408972352634,0.821,0.814061873185926,1,9.55307262569832,1,10.5195530726257
0.00633616684032457,62,0.171,0.111806642323074,0.829,0.825117398588857,1,7.55555555555556,1,8.47953216374269
0.00633616684032457,63,0.155,0.118761954442706,0.845,0.839783373056139,1,8.85806451612903,1,9.76774193548387
0.00633616684032457,64,0.18,0.121978786298035,0.82,0.822191283007292,1,7.84444444444444,1,8.74444444444444
0.00633616684032457,65,0.162,0.126934446183272,0.838,0.835795360690941,1,9.01851851851852,1,10.0061728395062
0.00633616684032457,66,0.183,0.153451573639367,0.817,0.81321235575902,1,9.66666666666667,1,10.6229508196721
0.00633616684032457,67,0.183,0.141801425838985,0.817,0.809920475729759,1,8.95628415300546,1,9.86885245901639
0.00633616684032457,68,0.188,0.128151625804208,0.812,0.804410411308021,1,7.85106382978723,1,8.82978723404255
0.00633616684032457,69,0.16,0.11415406016345,0.84,0.840243528329046,1,8.225,1,9.1875
0.00633616684032457,70,0.17,0.107285689445314,0.83,0.818934799537485,1,7.28823529411765,1,8.22941176470588
0.00633616684032457,71,0.195,0.144844374891323,0.805,0.801212922103972,1,8.56410256410256,1,9.52307692307692
0.00633616684032457,72,0.185,0.126499739175796,0.815,0.805590296623168,1,7.90810810810811,1,8.81621621621622
0.00633616684032457,73,0.166,0.120326899669623,0.834,0.829612761639569,1,8.37349397590361,1,9.30120481927711
0.00633616684032457,74,0.182,0.132411754477482,0.818,0.809472119310003,1,8.41208791208791,1,9.32417582417582
0.00633616684032457,75,0.18,0.127803860198226,0.82,0.811359935814239,1,8.17222222222222,1,9.16111111111111
0.00633616684032457,76,0.19,0.150234741784038,0.81,0.804658187224202,1,9.13157894736842,1,10.0578947368421
0.00633616684032457,77,0.174,0.118935837245696,0.826,0.823087995846804,1,7.8735632183908,1,8.8448275862069
0.00633616684032457,78,0.191,0.140932011824031,0.809,0.805790877126743,1,8.50261780104712,1,9.47120418848167
0.00633616684032457,79,0.182,0.141192836028517,0.818,0.811123958751209,1,8.94505494505495,1,9.9010989010989
0.00633616684032457,80,0.165,0.12093548948009,0.835,0.826875427708427,1,8.46060606060606,1,9.4
0.00633616684032457,81,0.185,0.144322726482351,0.815,0.803749675531538,1,8.98378378378378,1,9.96216216216216
0.00633616684032457,82,0.179,0.149365327769084,0.821,0.804032848007174,1,9.62011173184358,1,10.5754189944134
0.00633616684032457,83,0.188,0.121631020692054,0.812,0.797531679920712,1,7.47872340425532,1,8.40425531914894
0.00633616684032457,84,0.183,0.121544079290558,0.817,0.812056068150176,1,7.66120218579235,1,8.61748633879781
0.00633616684032457,85,0.196,0.145018257694314,0.804,0.791738443023338,1,8.52551020408163,1,9.49489795918367
0.00633616684032457,86,0.145,0.107807337854286,0.855,0.851865398683248,1,8.57241379310345,1,9.53103448275862
0.00633616684032457,87,0.176,0.133368109893931,0.824,0.815147367675862,1,8.73863636363636,1,9.69318181818182
0.00633616684032457,88,0.178,0.136237176143279,0.822,0.815725511480284,1,8.83707865168539,1,9.76966292134832
0.00633616684032457,89,0.203,0.160233002956008,0.797,0.792304787974609,1,9.10837438423645,1,10.0492610837438
0.00633616684032457,90,0.179,0.135106937923839,0.821,0.813696108738231,1,8.6927374301676,1,9.66480446927374
0.00633616684032457,91,0.168,0.127456094592245,0.832,0.827689548575878,1,8.75,1,9.70238095238095
0.00633616684032457,92,0.186,0.141279777430012,0.814,0.807265733770677,1,8.78494623655914,1,9.68817204301075
0.00633616684032457,93,0.166,0.137889062771692,0.834,0.83042688250702,1,9.56024096385542,1,10.5481927710843
0.00633616684032457,94,0.181,0.12980351243262,0.819,0.815524930976709,1,8.30386740331492,1,9.19337016574586
0.00633616684032457,95,0.165,0.110676404103634,0.835,0.822226679566746,1,7.76969696969697,1,8.66060606060606
0.00633616684032457,96,0.181,0.140845070422535,0.819,0.811466125492602,1,8.96685082872928,1,9.93370165745856
0.00633616684032457,97,0.197,0.174839158407234,0.803,0.797413691389197,1,10.2284263959391,1,11.1878172588832
0.00633616684032457,98,0.183,0.148322030951139,0.817,0.804811572315171,1,9.34972677595628,1,10.2950819672131
0.00633616684032457,99,0.193,0.132585637280473,0.807,0.800493192061732,1,7.93264248704663,1,8.87046632124352
0.00633616684032457,100,0.195,0.163623717614328,0.805,0.795608466857021,1,9.68717948717949,1,10.6153846153846
0.00853098473969325,1,0.212,0.203877586506694,0.788,1.01942091228733,1,11.0801886792453,1,12.0424528301887
0.00853098473969325,2,0.209,0.208572422187446,0.791,1.03218727139722,1,11.5263157894737,1,12.4306220095694
0.00853098473969325,3,0.232,0.241784037558685,0.768,0.995646223187106,1,11.9913793103448,1,12.9827586206897
0.00853098473969325,4,0.229,0.217266562336985,0.771,0.99503268282323,1,10.938864628821,1,11.8864628820961
0.00853098473969325,5,0.248,0.261867501304121,0.752,0.961122778865894,1,12.1733870967742,1,13.116935483871
0.00853098473969325,6,0.227,0.213701964875674,0.773,1.00720909927555,1,10.8325991189427,1,11.8237885462555
0.00853098473969325,7,0.236,0.219700921578856,0.764,0.988826486065554,1,10.7161016949153,1,11.6991525423729
0.00853098473969325,8,0.246,0.23830638149887,0.754,0.965452957972485,1,11.1585365853659,1,12.1260162601626
0.00853098473969325,9,0.233,0.225439054077552,0.767,0.987528612218892,1,11.1587982832618,1,12.0987124463519
0.00853098473969325,10,0.23,0.243348982785602,0.77,0.993369044528872,1,12.1739130434783,1,13.1608695652174
0.00853098473969325,11,0.22,0.241784037558685,0.78,1.00755126601694,1,12.65,1,13.6318181818182
0.00853098473969325,12,0.211,0.219353155972874,0.789,1.01774547513982,1,11.9905213270142,1,12.9241706161137
0.00853098473969325,13,0.238,0.250304294905234,0.762,0.987339830568469,1,12.1134453781513,1,13.0756302521008
0.00853098473969325,14,0.246,0.239349678316814,0.754,0.978372702173349,1,11.2235772357724,1,12.1585365853659
0.00853098473969325,15,0.233,0.227873413319423,0.767,0.997498643131888,1,11.274678111588,1,12.2231759656652
0.00853098473969325,16,0.229,0.208398539384455,0.771,0.996342355523043,1,10.4803493449782,1,11.4541484716157
0.00853098473969325,17,0.245,0.222048339419231,0.755,0.986018359015504,1,10.4367346938776,1,11.4122448979592
0.00853098473969325,18,0.217,0.198226395409494,0.783,1.00405880548411,1,10.5161290322581,1,11.4976958525346
0.00853098473969325,19,0.208,0.192488262910798,0.792,1.02848243150766,1,10.6634615384615,1,11.625
0.00853098473969325,20,0.221,0.19187967310033,0.779,1.00492012176416,1,10.0090497737557,1,10.9638009049774
0.00853098473969325,21,0.24,0.233698487219614,0.76,0.983965358567147,1,11.2125,1,12.1875
0.00853098473969325,22,0.225,0.193618501130238,0.775,0.999445453901881,1,9.92,1,10.8755555555556
0.00853098473969325,23,0.213,0.188141192836029,0.787,1.02087217122496,1,10.1830985915493,1,11.1361502347418
0.00853098473969325,24,0.223,0.239088854112328,0.777,0.996047384194256,1,12.3452914798206,1,13.3183856502242
0.00853098473969325,25,0.234,0.233263780212137,0.766,0.996177171578922,1,11.4871794871795,1,12.4444444444444
0.00853098473969325,26,0.256,0.254129716571031,0.744,0.955022771786582,1,11.4375,1,12.3984375
0.00853098473969325,27,0.233,0.273952356111981,0.767,0.989121457394341,1,13.5278969957082,1,14.519313304721
0.00853098473969325,28,0.223,0.22057033559381,0.777,0.999445453901881,1,11.3811659192825,1,12.372197309417
0.00853098473969325,29,0.238,0.242740392975135,0.762,0.985935767043443,1,11.7436974789916,1,12.718487394958
0.00853098473969325,30,0.236,0.229264475743349,0.764,0.98286806522406,1,11.1991525423729,1,12.1483050847458
0.00853098473969325,31,0.22,0.175795513823683,0.78,1.01590485404819,1,9.21818181818182,1,10.1636363636364
0.00853098473969325,32,0.222,0.208659363588941,0.778,1.00375203530217,1,10.8288288288288,1,11.7927927927928
0.00853098473969325,33,0.234,0.217701269344462,0.766,0.993510630766689,1,10.7264957264957,1,11.6752136752137
0.00853098473969325,34,0.221,0.194314032342201,0.779,1.009970030913,1,10.1402714932127,1,11.0859728506787
0.00853098473969325,35,0.239,0.231351069379238,0.761,0.979646978313708,1,11.1464435146444,1,12.1213389121339
0.00853098473969325,36,0.249,0.252043122935142,0.751,0.975010029025179,1,11.6586345381526,1,12.6265060240964
0.00853098473969325,37,0.227,0.231351069379238,0.773,1.00073152889539,1,11.7224669603524,1,12.7224669603524
0.00853098473969325,38,0.232,0.247696052860372,0.768,1.00405880548411,1,12.323275862069,1,13.2370689655172
0.00853098473969325,39,0.242,0.239871326725787,0.758,0.98422493333648,1,11.4132231404959,1,12.3884297520661
0.00853098473969325,40,0.23,0.242566510172144,0.77,0.986277933784836,1,12.1521739130435,1,13.1086956521739
0.00853098473969325,41,0.215,0.177621283255086,0.785,1.01129150246596,1,9.53953488372093,1,10.4651162790698
0.00853098473969325,42,0.239,0.213093375065206,0.761,0.991103664723789,1,10.2677824267782,1,11.2426778242678
0.00853098473969325,43,0.256,0.253608068162059,0.744,0.954373834863251,1,11.40625,1,12.3828125
0.00853098473969325,44,0.224,0.197530864197531,0.776,0.99103287160488,1,10.1696428571429,1,11.1160714285714
0.00853098473969325,45,0.253,0.262128325508607,0.747,0.958161266724874,1,11.9525691699605,1,12.8814229249012
0.00853098473969325,46,0.197,0.189184489653973,0.803,1.04668806192038,1,11.0659898477157,1,12.0253807106599
0.00853098473969325,47,0.238,0.264649626151974,0.762,0.982089340916063,1,12.8025210084034,1,13.7773109243697
0.00853098473969325,48,0.238,0.223178577638672,0.762,0.979635179460556,1,10.7983193277311,1,11.7731092436975
0.00853098473969325,49,0.236,0.227612589114937,0.764,0.997510441985039,1,11.1228813559322,1,12.0635593220339
0.00853098473969325,50,0.258,0.268388106416275,0.742,0.952096656205017,1,11.9728682170543,1,12.9573643410853
0.00853098473969325,51,0.218,0.211006781429317,0.782,1.00746867404488,1,11.1559633027523,1,12.1100917431193
0.00853098473969325,52,0.248,0.211441488436794,0.752,0.967623946952356,1,9.83870967741935,1,10.7741935483871
0.00853098473969325,53,0.233,0.234220135628586,0.767,0.990985676192274,1,11.5836909871245,1,12.5407725321888
0.00853098473969325,54,0.231,0.229699182750826,0.769,0.987457819099984,1,11.4632034632035,1,12.4112554112554
0.00853098473969325,55,0.227,0.213875847678665,0.773,0.996826108502254,1,10.863436123348,1,11.8105726872247
0.00853098473969325,56,0.223,0.224308815858112,0.777,1.00047195412606,1,11.5919282511211,1,12.5470852017937
0.00853098473969325,57,0.259,0.262736915319075,0.741,0.954067064681313,1,11.7027027027027,1,12.6293436293436
0.00853098473969325,58,0.213,0.193183794122761,0.787,1.01178705429832,1,10.4507042253521,1,11.4131455399061
0.00853098473969325,59,0.221,0.203616762302208,0.779,1.00660735776483,1,10.6244343891403,1,11.5701357466063
0.00853098473969325,60,0.232,0.243001217179621,0.768,0.986502111994714,1,12.0646551724138,1,13.0258620689655
0.00853098473969325,61,0.221,0.251086767518692,0.779,1.009191306605,1,13.0769230769231,1,14.0542986425339
0.00853098473969325,62,0.226,0.218657624760911,0.774,0.988732095240343,1,11.1592920353982,1,12.0973451327434
0.00853098473969325,63,0.229,0.239610502521301,0.771,0.997628430516554,1,12.0480349344978,1,13.0218340611354
0.00853098473969325,64,0.23,0.225439054077552,0.77,0.995610826627652,1,11.2869565217391,1,12.2608695652174
0.00853098473969325,65,0.235,0.247956877064858,0.765,0.986490313141563,1,12.1404255319149,1,13.131914893617
0.00853098473969325,66,0.235,0.221265866805773,0.765,0.985935767043443,1,10.8510638297872,1,11.8085106382979
0.00853098473969325,67,0.241,0.229786124152321,0.759,0.982620289307879,1,10.9958506224066,1,11.9377593360996
0.00853098473969325,68,0.233,0.235698139454008,0.767,0.999858413762182,1,11.6609442060086,1,12.6094420600858
0.00853098473969325,69,0.221,0.1962267431751,0.779,1.01000542747245,1,10.2352941176471,1,11.1900452488688
0.00853098473969325,70,0.234,0.26282385672057,0.766,0.984980059938174,1,12.9487179487179,1,13.8888888888889
0.00853098473969325,71,0.233,0.218135976351939,0.767,0.997734620194917,1,10.793991416309,1,11.7424892703863
0.00853098473969325,72,0.234,0.218049034950443,0.766,0.989322037897916,1,10.7307692307692,1,11.7051282051282
0.00853098473969325,73,0.226,0.238393322900365,0.774,0.99615357387262,1,12.1592920353982,1,13.1061946902655
0.00853098473969325,74,0.218,0.212223961050252,0.782,0.999964603440546,1,11.2247706422018,1,12.1697247706422
0.00853098473969325,75,0.212,0.195357329160146,0.788,1.01647119899946,1,10.6132075471698,1,11.5849056603774
0.00853098473969325,76,0.215,0.223526343244653,0.785,1.01060716898317,1,11.9813953488372,1,12.9302325581395
0.00853098473969325,77,0.25,0.245348635019997,0.75,0.958574226585176,1,11.32,1,12.256
0.00853098473969325,78,0.244,0.245783342027473,0.756,0.963836515090733,1,11.6106557377049,1,12.5614754098361
0.00853098473969325,79,0.191,0.176143279429664,0.809,1.04398612454869,1,10.6178010471204,1,11.5968586387435
0.00853098473969325,80,0.227,0.22622152669101,0.773,0.992908889255964,1,11.4669603524229,1,12.4581497797357
0.00853098473969325,81,0.226,0.231090245174752,0.774,0.997026689005829,1,11.7920353982301,1,12.7256637168142
0.00853098473969325,82,0.21,0.224656581464093,0.79,1.03079500672535,1,12.3238095238095,1,13.2857142857143
0.00853098473969325,83,0.236,0.224308815858112,0.764,0.989215848219553,1,10.9491525423729,1,11.9152542372881
0.00853098473969325,84,0.215,0.233263780212137,0.785,1.01846520518206,1,12.4837209302326,1,13.4697674418605
0.00853098473969325,85,0.242,0.233872370022605,0.758,0.976107322368266,1,11.1322314049587,1,12.099173553719
0.00853098473969325,86,0.217,0.193792383933229,0.783,1.0123769969559,1,10.294930875576,1,11.2488479262673
0.00853098473969325,87,0.204,0.206572769953052,0.796,1.0275975175213,1,11.656862745098,1,12.6372549019608
0.00853098473969325,88,0.234,0.226134585289515,0.766,0.990112561059065,1,11.1367521367521,1,12.0940170940171
0.00853098473969325,89,0.229,0.219700921578856,0.771,0.994690516081837,1,11.061135371179,1,12.0043668122271
0.00853098473969325,90,0.211,0.183533298556773,0.789,1.0180168487623,1,10.0189573459716,1,10.9905213270142
0.00853098473969325,91,0.215,0.206833594157538,0.785,1.01955069967199,1,11.0837209302326,1,12.046511627907
0.00853098473969325,92,0.241,0.233437663015128,0.759,0.981051041838733,1,11.1452282157676,1,12.1327800829876
0.00853098473969325,93,0.229,0.219527038775865,0.771,0.991504825730939,1,11.0436681222707,1,12.0087336244541
0.00853098473969325,94,0.237,0.243348982785602,0.763,0.976319701724992,1,11.8438818565401,1,12.7763713080169
0.00853098473969325,95,0.21,0.198748043818466,0.79,1.02452981570191,1,10.9095238095238,1,11.8619047619048
0.00853098473969325,96,0.248,0.253868892366545,0.752,0.973487976968639,1,11.7983870967742,1,12.75
0.00853098473969325,97,0.215,0.215701617110068,0.785,1.01622342308328,1,11.5674418604651,1,12.5116279069767
0.00853098473969325,98,0.218,0.211180664232307,0.782,1.01150388182269,1,11.1651376146789,1,12.1192660550459
0.00853098473969325,99,0.227,0.21961398017736,0.773,0.999256672251457,1,11.1321585903084,1,12.1233480176211
0.00853098473969325,100,0.211,0.201443227264823,0.789,1.01425301460698,1,11,1,11.9620853080569
0.0107692307692308,1,0.311,0.478351591027647,0.689,1.34060929277674,1,17.7138263665595,1,18.6688102893891
0.0107692307692308,2,0.341,0.535211267605634,0.659,1.26758619062227,1,18.0703812316716,1,19.0351906158358
0.0107692307692308,3,0.29,0.431750999826117,0.71,1.38295537673738,1,17.1275862068966,1,18.1206896551724
0.0107692307692308,4,0.321,0.458789775691184,0.679,1.29202161549897,1,16.4517133956386,1,17.4267912772586
0.0107692307692308,5,0.327,0.475743348982786,0.673,1.30374967553154,1,16.743119266055,1,17.7247706422018
0.0107692307692308,6,0.343,0.511997913406364,0.657,1.27007574863723,1,17.1690962099125,1,18.1690962099125
0.0107692307692308,7,0.316,0.443140323422014,0.684,1.319831512377,1,16.1360759493671,1,17.123417721519
0.0107692307692308,8,0.33,0.447400452095288,0.67,1.29441678268872,1,15.6060606060606,1,16.5818181818182
0.0107692307692308,9,0.299,0.426882281342375,0.701,1.36815961488543,1,16.4414715719064,1,17.3979933110368
0.0107692307692308,10,0.343,0.564075812902104,0.657,1.26606413856573,1,18.9271137026239,1,19.8979591836735
0.0107692307692308,11,0.292,0.41584072335246,0.708,1.37341010453784,1,16.3904109589041,1,17.3698630136986
0.0107692307692308,12,0.332,0.536428447226569,0.668,1.2894376666588,1,18.605421686747,1,19.5632530120482
0.0107692307692308,13,0.331,0.491045035645975,0.669,1.28349104467046,1,17.0694864048338,1,18.0574018126888
0.0107692307692308,14,0.315,0.480525126065032,0.685,1.33872147627251,1,17.5587301587302,1,18.5333333333333
0.0107692307692308,15,0.3,0.452964701790993,0.7,1.3579064114968,1,17.3766666666667,1,18.3533333333333
0.0107692307692308,16,0.309,0.445053034254912,0.691,1.33377775680204,1,16.588996763754,1,17.5436893203883
0.0107692307692308,17,0.324,0.519909580942445,0.676,1.30397385374142,1,18.4753086419753,1,19.4382716049383
0.0107692307692308,18,0.317,0.531820552947314,0.683,1.31731835665573,1,19.3123028391167,1,20.2807570977918
0.0107692307692308,19,0.345,0.577812554338376,0.655,1.26441229912453,1,19.2811594202899,1,20.2463768115942
0.0107692307692308,20,0.304,0.374108850634672,0.696,1.32967175590533,1,14.1644736842105,1,15.1447368421053
0.0107692307692308,21,0.318,0.467483915840723,0.682,1.31736555206834,1,16.9308176100629,1,17.8836477987421
0.0107692307692308,22,0.304,0.504781777082247,0.696,1.35859074497959,1,19.0986842105263,1,20.0986842105263
0.0107692307692308,23,0.318,0.497652582159624,0.682,1.31782570734125,1,18.0094339622642,1,18.9905660377358
0.0107692307692308,24,0.311,0.456529299252304,0.689,1.32043325388772,1,16.903536977492,1,17.8649517684887
0.0107692307692308,25,0.286,0.408450704225352,0.714,1.37471977723765,1,16.4510489510489,1,17.4020979020979
0.0107692307692308,26,0.297,0.497913406364111,0.703,1.37941572079194,1,19.2929292929293,1,20.2727272727273
0.0107692307692308,27,0.323,0.545557294383585,0.677,1.32002029402742,1,19.4458204334365,1,20.4086687306502
0.0107692307692308,28,0.288,0.431750999826117,0.712,1.36602402246502,1,17.2569444444444,1,18.2291666666667
0.0107692307692308,29,0.296,0.429490523387237,0.704,1.37277296646766,1,16.7027027027027,1,17.6756756756757
0.0107692307692308,30,0.334,0.445313858459398,0.666,1.28245274559313,1,15.3413173652695,1,16.3293413173653
0.0107692307692308,31,0.325,0.541992696922274,0.675,1.30051678976803,1,19.1969230769231,1,20.1661538461538
0.0107692307692308,32,0.317,0.493218570683359,0.683,1.33526441229912,1,17.9053627760252,1,18.8832807570978
0.0107692307692308,33,0.294,0.44018431577117,0.706,1.36188262500885,1,17.234693877551,1,18.2040816326531
0.0107692307692308,34,0.316,0.449834811337159,0.684,1.31351912594096,1,16.3860759493671,1,17.3607594936709
0.0107692307692308,35,0.277,0.4056685793775,0.723,1.39560374731576,1,16.85559566787,1,17.8339350180505
0.0107692307692308,36,0.339,0.49339245348635,0.661,1.26967458763008,1,16.7551622418879,1,17.7256637168142
0.0107692307692308,37,0.299,0.47000521648409,0.701,1.35230195624985,1,18.1036789297659,1,19.056856187291
0.0107692307692308,38,0.3,0.467136150234742,0.7,1.35476791655851,1,17.93,1,18.89
0.0107692307692308,39,0.336,0.553903668927143,0.664,1.29454657007339,1,18.9761904761905,1,19.9434523809524
0.0107692307692308,40,0.293,0.426447574334898,0.707,1.37738631804989,1,16.7440273037543,1,17.7372013651877
0.0107692307692308,41,0.326,0.465223439401843,0.674,1.29731930056399,1,16.420245398773,1,17.4079754601227
0.0107692307692308,42,0.299,0.426012867327421,0.701,1.33816693017439,1,16.4080267558528,1,17.3678929765886
0.0107692307692308,43,0.302,0.446183272474352,0.698,1.35479151426481,1,17.0033112582781,1,17.9834437086093
0.0107692307692308,44,0.298,0.47565640758129,0.702,1.37221842036954,1,18.3691275167785,1,19.3489932885906
0.0107692307692308,45,0.315,0.427490871152843,0.685,1.32302900158105,1,15.6380952380952,1,16.5809523809524
0.0107692307692308,46,0.295,0.368370718135976,0.705,1.36398282086981,1,14.3898305084746,1,15.335593220339
0.0107692307692308,47,0.326,0.452964701790993,0.674,1.30366708355948,1,15.9877300613497,1,16.9754601226994
0.0107692307692308,48,0.299,0.425317336115458,0.701,1.35280930693537,1,16.3879598662207,1,17.3344481605351
0.0107692307692308,49,0.305,0.406711876195444,0.695,1.34038511456686,1,15.344262295082,1,16.3311475409836
0.0107692307692308,50,0.289,0.421144148843679,0.711,1.38289638247162,1,16.7785467128028,1,17.7404844290657
0.0107692307692308,51,0.326,0.489914797426535,0.674,1.29395662741582,1,17.2975460122699,1,18.2730061349693
0.0107692307692308,52,0.301,0.46774474004521,0.699,1.35683271586002,1,17.890365448505,1,18.8571428571429
0.0107692307692308,53,0.288,0.392018779342723,0.712,1.3719116501876,1,15.6770833333333,1,16.6319444444444
0.0107692307692308,54,0.306,0.458094244479221,0.694,1.33749439554475,1,17.2385620915033,1,18.1960784313725
0.0107692307692308,55,0.308,0.466440619022779,0.692,1.36190622271515,1,17.4480519480519,1,18.3896103896104
0.0107692307692308,56,0.309,0.472526517127456,0.691,1.34934044410883,1,17.6181229773463,1,18.5598705501618
0.0107692307692308,57,0.332,0.488002086593636,0.668,1.27413455412134,1,16.9186746987952,1,17.894578313253
0.0107692307692308,58,0.293,0.489740914623544,0.707,1.36175283762418,1,19.2457337883959,1,20.2047781569966
0.0107692307692308,59,0.344,0.499826117197009,0.656,1.27127923165868,1,16.7325581395349,1,17.6918604651163
0.0107692307692308,60,0.316,0.45131281516258,0.684,1.31922977086627,1,16.4367088607595,1,17.4177215189873
0.0107692307692308,61,0.3,0.458702834289689,0.7,1.35477971541166,1,17.6066666666667,1,18.5666666666667
0.0107692307692308,62,0.288,0.393062076160668,0.712,1.3815395143592,1,15.7083333333333,1,16.6875
0.0107692307692308,63,0.298,0.409928708050774,0.702,1.35172381244543,1,15.8422818791946,1,16.8020134228188
0.0107692307692308,64,0.317,0.482872543905408,0.683,1.32125917360833,1,17.5362776025237,1,18.5047318611987
0.0107692307692308,65,0.323,0.430099113197705,0.677,1.31554852868301,1,15.3312693498452,1,16.3003095975232
0.0107692307692308,66,0.314,0.476004173187272,0.686,1.33085164122047,1,17.4554140127389,1,18.4171974522293
0.0107692307692308,67,0.322,0.498261171970092,0.678,1.32069282865705,1,17.8105590062112,1,18.7857142857143
0.0107692307692308,68,0.31,0.519040166927491,0.69,1.31716497156476,1,19.2709677419355,1,20.2451612903226
0.0107692307692308,69,0.334,0.519214049730482,0.666,1.28513108525851,1,17.8982035928144,1,18.8592814371257
0.0107692307692308,70,0.307,0.452790818988002,0.693,1.33152417585011,1,16.9771986970684,1,17.9511400651466
0.0107692307692308,71,0.3,0.447487393496783,0.7,1.3543077612856,1,17.16,1,18.15
0.0107692307692308,72,0.312,0.472874282733438,0.688,1.31443943648677,1,17.4455128205128,1,18.4198717948718
0.0107692307692308,73,0.315,0.481568422882977,0.685,1.31873421903391,1,17.5968253968254,1,18.5714285714286
0.0107692307692308,74,0.324,0.46774474004521,0.676,1.30927153880643,1,16.6141975308642,1,17.5956790123457
0.0107692307692308,75,0.289,0.450095635541645,0.711,1.37318592632796,1,17.9238754325259,1,18.9031141868512
0.0107692307692308,76,0.31,0.529560076508433,0.69,1.33829671755905,1,19.6548387096774,1,20.641935483871
0.0107692307692308,77,0.315,0.432098765432099,0.685,1.32082261604172,1,15.7904761904762,1,16.7650793650794
0.0107692307692308,78,0.305,0.468788036863154,0.695,1.34530523633103,1,17.6918032786885,1,18.6655737704918
0.0107692307692308,79,0.31,0.437228308120327,0.69,1.31869882247446,1,16.241935483871,1,17.2032258064516
0.0107692307692308,80,0.312,0.517909928708051,0.688,1.32635627816976,1,19.1089743589744,1,20.0769230769231
0.0107692307692308,81,0.325,0.50434707007477,0.675,1.30559029662317,1,17.8646153846154,1,18.8338461538462
0.0107692307692308,82,0.345,0.450443401147626,0.655,1.26279585624277,1,15.031884057971,1,16.0028985507246
0.0107692307692308,83,0.333,0.438010780733785,0.667,1.2970479269415,1,15.1351351351351,1,16.1231231231231
0.0107692307692308,84,0.327,0.483220309511389,0.673,1.31233924062581,1,17.0030581039755,1,17.9908256880734
0.0107692307692308,85,0.33,0.516344983481134,0.67,1.2910659083937,1,18.0212121212121,1,18.9727272727273
0.0107692307692308,86,0.299,0.484089723526343,0.701,1.34104585034335,1,18.6421404682274,1,19.6020066889632
0.0107692307692308,87,0.325,0.477395235611198,0.675,1.29380324232485,1,16.9046153846154,1,17.8861538461538
0.0107692307692308,88,0.305,0.496087636932707,0.695,1.33998395355971,1,18.7114754098361,1,19.7049180327869
0.0107692307692308,89,0.306,0.439488784559207,0.694,1.33797814852396,1,16.5261437908497,1,17.5130718954248
0.0107692307692308,90,0.338,0.500869414014954,0.662,1.292646954716,1,17.0502958579882,1,18.0384615384615
0.0107692307692308,91,0.329,0.480090419057555,0.671,1.30155508884536,1,16.790273556231,1,17.7781155015198
0.0107692307692308,92,0.3,0.421491914449661,0.7,1.3395002005805,1,16.1966666666667,1,17.12
0.0107692307692308,93,0.309,0.441227612589115,0.691,1.32971895131793,1,16.4304207119741,1,17.4174757281553
0.0107692307692308,94,0.303,0.41584072335246,0.697,1.35631356632135,1,15.7986798679868,1,16.7722772277228
0.0107692307692308,95,0.329,0.468701095461659,0.671,1.29036977605777,1,16.3981762917933,1,17.370820668693
0.0107692307692308,96,0.316,0.492436098069901,0.684,1.31315336149326,1,17.9335443037975,1,18.9145569620253
0.0107692307692308,97,0.34,0.521213701964876,0.66,1.27454751398164,1,17.6529411764706,1,18.6117647058824
0.0107692307692308,98,0.318,0.453486350199965,0.682,1.31071099889091,1,16.4245283018868,1,17.377358490566
0.0107692307692308,99,0.299,0.507911667536081,0.701,1.3474762253109,1,19.5518394648829,1,20.5250836120401
0.0107692307692308,100,0.326,0.549208833246392,0.674,1.29898293885834,1,19.4171779141104,1,20.3374233128834
0.0130522067552421,1,0.549,2.01191097200487,0.402,1.72639639427048,1,42.16029143898,1,43.1420765027322
0.0130522067552421,2,0.518,1.92801251956182,0.427,1.84556481110036,1,42.8223938223938,1,43.7992277992278
0.0130522067552421,3,0.552,1.98991479742653,0.397,1.68801472496873,1,41.4800724637681,1,42.445652173913
0.0130522067552421,4,0.557,2.03355938097722,0.389,1.66868820350662,1,42.0017953321364,1,42.983842010772
0.0130522067552421,5,0.551,1.8792383933229,0.395,1.67725417089459,1,39.2377495462795,1,40.2177858439201
0.0130522067552421,6,0.53,1.6641453660233,0.414,1.76969818533639,1,36.1169811320755,1,37.1132075471698
0.0130522067552421,7,0.548,2.00113023821944,0.408,1.75039526158057,1,42.0036496350365,1,43
0.0130522067552421,8,0.538,1.87949921752739,0.415,1.77296646765934,1,40.1933085501859,1,41.1710037174721
0.0130522067552421,9,0.562,2.16136324117545,0.391,1.65222880336031,1,44.2437722419929,1,45.2259786476868
0.0130522067552421,10,0.532,1.91027647365676,0.425,1.80748991198056,1,42.1688555347092,1,43.1500938086304
0.0130522067552421,11,0.545,1.81672752564771,0.405,1.74390589234726,1,38.348623853211,1,39.3339449541284
0.0130522067552421,12,0.547,1.90801599721788,0.403,1.70360100998183,1,40.1316270566728,1,41.109689213894
0.0130522067552421,13,0.541,1.94174926099809,0.409,1.77076008212002,1,41.2939001848429,1,42.271719038817
0.0130522067552421,14,0.518,1.89071465832029,0.436,1.86935129905373,1,41.992277992278,1,42.972972972973
0.0130522067552421,15,0.554,1.84933055120849,0.398,1.71353564433537,1,38.3971119133574,1,39.3916967509025
0.0130522067552421,16,0.526,1.89636584941749,0.429,1.81913538004106,1,41.4752851711027,1,42.4600760456274
0.0130522067552421,17,0.539,1.99478351591028,0.407,1.72839040045308,1,42.5788497217069,1,43.556586270872
0.0130522067552421,18,0.539,1.83298556772735,0.406,1.71189560374732,1,39.1243042671614,1,40.1057513914657
0.0130522067552421,19,0.529,1.98269866110242,0.407,1.75004129598603,1,43.1153119092628,1,44.1039697542533
0.0130522067552421,20,0.53,1.9981742305686,0.423,1.77834674469642,1,43.377358490566,1,44.3509433962264
0.0130522067552421,21,0.526,1.99582681272822,0.433,1.85126365717252,1,43.6539923954373,1,44.6311787072243
0.0130522067552421,22,0.588,2.08459398365502,0.379,1.60534016093636,1,40.7874149659864,1,41.7670068027211
0.0130522067552421,23,0.533,2.04973048165536,0.425,1.84302805767279,1,44.2439024390244,1,45.2213883677298
0.0130522067552421,24,0.554,2.14823508954964,0.385,1.66724874342214,1,44.6083032490975,1,45.5938628158845
0.0130522067552421,25,0.521,1.73526343244653,0.432,1.86498572338769,1,38.3147792706334,1,39.3032629558541
0.0130522067552421,26,0.534,1.81368457659537,0.42,1.80063477829955,1,39.0692883895131,1,40.061797752809
0.0130522067552421,27,0.549,2.07998608937576,0.402,1.7309625504401,1,43.5901639344262,1,44.5646630236794
0.0130522067552421,28,0.537,1.93227264823509,0.403,1.69439790452368,1,41.3985102420857,1,42.3761638733706
0.0130522067552421,29,0.547,1.90366892714311,0.404,1.71508129409821,1,40.0347349177331,1,41.0237659963437
0.0130522067552421,30,0.529,1.90914623543732,0.421,1.81815607522949,1,41.523629489603,1,42.4971644612476
0.0130522067552421,31,0.55,1.96904886106764,0.405,1.71689831748354,1,41.1836363636364,1,42.1727272727273
0.0130522067552421,32,0.538,2.03703703703704,0.41,1.76244189064823,1,43.5613382899628,1,44.5390334572491
0.0130522067552421,33,0.55,1.71796209354895,0.403,1.70461571135286,1,35.94,1,36.9145454545455
0.0130522067552421,34,0.559,2.04503564597461,0.383,1.65986266134932,1,42.0912343470483,1,43.0661896243292
0.0130522067552421,35,0.519,1.90923317683881,0.428,1.82564834698067,1,42.3236994219653,1,43.3005780346821
0.0130522067552421,36,0.563,2.12128325508607,0.391,1.66472378884772,1,43.3410301953819,1,44.3321492007105
0.0130522067552421,37,0.54,1.81342375239089,0.412,1.77352101375746,1,38.6296296296296,1,39.6222222222222
0.0130522067552421,38,0.55,1.85863328116849,0.4,1.70622035538146,1,38.8745454545455,1,39.8636363636364
0.0130522067552421,39,0.547,2.21283255086072,0.399,1.71523467918918,1,46.5393053016453,1,47.5210237659963
0.0130522067552421,40,0.55,1.97817770822466,0.401,1.69645090497204,1,41.38,1,42.3581818181818
0.0130522067552421,41,0.534,1.74447922100504,0.406,1.74964013497888,1,37.5805243445693,1,38.5692883895131
0.0130522067552421,42,0.56,2.09972178751521,0.39,1.70112325082002,1,43.1375,1,44.1160714285714
0.0130522067552421,43,0.551,2.14623543731525,0.399,1.7125327418175,1,44.8130671506352,1,45.7912885662432
0.0130522067552421,44,0.531,1.9509650495566,0.4,1.70402576869528,1,42.271186440678,1,43.2485875706215
0.0130522067552421,45,0.511,1.95939836550165,0.428,1.81652783349458,1,44.1135029354207,1,45.0939334637965
0.0130522067552421,46,0.566,2.22543905407755,0.395,1.70415555607995,1,45.2349823321555,1,46.2137809187279
0.0130522067552421,47,0.536,1.92653451573639,0.426,1.79157325907922,1,41.3470149253731,1,42.3339552238806
0.0130522067552421,48,0.571,1.92140497304817,0.372,1.59432003209288,1,38.7127845884413,1,39.6952714535902
0.0130522067552421,49,0.55,2.00226047643888,0.404,1.72583004931921,1,41.88,1,42.8636363636364
0.0130522067552421,50,0.567,1.97704747000522,0.387,1.65313731505298,1,40.1128747795414,1,41.0987654320988
0.0130522067552421,51,0.511,1.91714484437489,0.438,1.87112112702645,1,43.1565557729941,1,44.1487279843444
0.0130522067552421,52,0.542,2.33568075117371,0.415,1.7874200627699,1,49.5738007380074,1,50.5571955719557
0.0130522067552421,53,0.507,1.79542688228134,0.443,1.88645963612337,1,40.7376725838264,1,41.7258382642998
0.0130522067552421,54,0.562,2.20300817249174,0.372,1.60195389008188,1,45.0960854092527,1,46.0782918149466
0.0130522067552421,55,0.544,1.95053034254912,0.409,1.76255987917974,1,41.2444852941176,1,42.2371323529412
0.0130522067552421,56,0.524,1.9263606329334,0.417,1.79885315147368,1,42.293893129771,1,43.2729007633588
0.0130522067552421,57,0.523,1.80994609633107,0.421,1.80732472803643,1,39.810707456979,1,40.7992351816444
0.0130522067552421,58,0.546,1.9489653973222,0.4,1.73185926327961,1,41.0586080586081,1,42.0549450549451
0.0130522067552421,59,0.51,1.8697617805599,0.442,1.89188710857305,1,42.1725490196078,1,43.1647058823529
0.0130522067552421,60,0.532,1.64736567553469,0.41,1.76423531632725,1,35.6240601503759,1,36.609022556391
0.0130522067552421,61,0.542,2.07694314032342,0.407,1.73590626991056,1,44.0885608856089,1,45.0627306273063
0.0130522067552421,62,0.539,1.78203790645105,0.404,1.75369894046299,1,38.038961038961,1,39.0148423005566
0.0130522067552421,63,0.503,1.86950095635542,0.428,1.80149609457961,1,42.7574552683897,1,43.741550695825
0.0130522067552421,64,0.505,1.85993740219092,0.446,1.91380937772848,1,42.370297029703,1,43.3544554455446
0.0130522067552421,65,0.531,1.89906103286385,0.406,1.75281402647663,1,41.1412429378531,1,42.1299435028249
0.0130522067552421,66,0.527,1.85958963658494,0.406,1.71896311678505,1,40.5977229601518,1,41.5749525616698
0.0130522067552421,67,0.548,1.90227786471918,0.414,1.78791561460226,1,39.9324817518248,1,40.9215328467153
0.0130522067552421,68,0.518,1.61406711876195,0.434,1.84952922575926,1,35.8455598455598,1,36.8339768339768
0.0130522067552421,69,0.524,2.00869414014954,0.419,1.82004389173372,1,44.1049618320611,1,45.0763358778626
0.0130522067552421,70,0.502,1.78151625804208,0.441,1.90860608348868,1,40.8247011952191,1,41.8127490039841
0.0130522067552421,71,0.532,1.8604590505999,0.428,1.83133539419968,1,40.2274436090226,1,41.2199248120301
0.0130522067552421,72,0.545,1.82090071291949,0.403,1.72368265804564,1,38.4311926605505,1,39.4275229357798
0.0130522067552421,73,0.543,1.85419926969223,0.415,1.78107227977441,1,39.2872928176796,1,40.2651933701657
0.0130522067552421,74,0.552,1.90445139975656,0.395,1.69648630153149,1,39.6920289855072,1,40.6739130434783
0.0130522067552421,75,0.553,1.86941401495392,0.396,1.69424451943271,1,38.8915009041591,1,39.873417721519
0.0130522067552421,76,0.518,1.93627195270388,0.431,1.84558840880666,1,43.003861003861,1,43.984555984556
0.0130522067552421,77,0.528,1.90036515388628,0.418,1.79008660358213,1,41.4015151515151,1,42.3939393939394
0.0130522067552421,78,0.542,1.81029386193705,0.407,1.73613044812044,1,38.4261992619926,1,39.4077490774908
0.0130522067552421,79,0.566,2.01191097200487,0.392,1.65524930976709,1,41.7072310405644,1,41.8727915194346
0.0130522067552421,80,0.524,1.86289340984177,0.426,1.83288104396253,1,40.9045801526718,1,41.8778625954198
0.0130522067552421,81,0.533,1.91766649278386,0.408,1.74857823819525,1,41.390243902439,1,42.3733583489681
0.0130522067552421,82,0.551,1.98739349678317,0.395,1.69210892701229,1,41.4990925589837,1,42.4736842105263
0.0130522067552421,83,0.532,1.88280299078421,0.412,1.74895580149609,1,40.7142857142857,1,41.6992481203008
0.0130522067552421,84,0.559,1.98443748913232,0.388,1.67802109634943,1,40.8407871198569,1,41.8228980322004
0.0130522067552421,85,0.535,1.82785602503912,0.415,1.77055950161644,1,39.3046728971963,1,40.2878504672897
0.0130522067552421,86,0.541,1.86158928881934,0.404,1.7301838261321,1,39.5933456561922,1,40.5637707948244
0.0130522067552421,87,0.519,1.88271604938272,0.425,1.80242820397857,1,41.7321772639692,1,42.7167630057803
0.0130522067552421,88,0.512,1.80046948356808,0.432,1.84093966066498,1,40.453125,1,41.44140625
0.0130522067552421,89,0.555,2.02503912363067,0.398,1.71119947141138,1,41.9765765765766,1,42.9585585585586
0.0130522067552421,90,0.536,1.75499913058599,0.406,1.72939330297095,1,37.669776119403,1,38.6511194029851
0.0130522067552421,91,0.544,1.89001912710833,0.405,1.75642447554098,1,39.9669117647059,1,40.9558823529412
0.0130522067552421,92,0.529,2.12528255955486,0.407,1.76581636264955,1,46.2155009451796,1,47.2022684310019
0.0130522067552421,93,0.538,1.99643540253869,0.408,1.79498312763999,1,42.6951672862454,1,43.6691449814126
0.0130522067552421,94,0.506,1.88158581116328,0.44,1.88034783019091,1,42.7845849802372,1,43.7569169960474
0.0130522067552421,95,0.514,1.69509650495566,0.424,1.82781933596054,1,37.9377431906615,1,38.9260700389105
0.0130522067552421,96,0.551,1.8546339766997,0.403,1.72462656629776,1,38.7205081669691,1,39.7096188747731
0.0130522067552421,97,0.509,1.66884020170405,0.423,1.78764424097978,1,37.7269155206287,1,38.6954813359528
0.0130522067552421,98,0.515,1.99800034776561,0.424,1.82321778323147,1,44.6271844660194,1,45.6194174757282
0.0130522067552421,99,0.553,1.9680055642497,0.404,1.73014842957265,1,40.9457504520796,1,41.9204339963834
0.0130522067552421,100,0.543,1.92114414884368,0.403,1.72115770347122,1,40.7034990791897,1,41.6850828729282
0.0153812670815772,1,0.996,6.82177012693445,0,0,1,78.7831325301205,1,79.7751004016064
0.0153812670815772,2,0.997,7.08998435054773,0,0,1,81.7963891675025,1,82.7923771313942
0.0153812670815772,3,0.989,7.03008172491741,0,0,1,82.1858585858586,1,83.1737373737374
0.0153812670815772,4,0.992,6.79647017909929,0,0,1,79.233635448137,1,79.7973790322581
0.0153812670815772,5,0.99,7.07007476960529,0,0,1,82.5701311806256,1,83.5539858728557
0.0153812670815772,6,0.991,6.57659537471744,0,0,1,76.3390514631685,1,77.3229061553986
0.0153812670815772,7,0.994,6.72117892540428,0,0,1,77.7766599597585,1,78.7706237424547
0.0153812670815772,8,0.989,6.44218396800556,0,0,1,74.9271991911021,1,75.9170879676441
0.0153812670815772,9,0.987,6.94305338202052,0,0,1,80.9148936170213,1,81.9067882472138
0.0153812670815772,10,0.984,6.91931837941228,0,0,1,80.885162601626,1,81.875
0.0153812670815772,11,0.988,6.64649626151974,0,0,1,77.3825910931174,1,78.3704453441295
0.0153812670815772,12,0.987,6.85376456268475,0,0,1,79.8743667679838,1,80.8662613981763
0.0153812670815772,13,0.991,7.03529820900713,0,0,1,81.6589303733602,1,82.6508577194753
0.0153812670815772,14,0.988,6.62623891497131,0,0,1,77.5712841253792,1,78.1376518218623
0.0153812670815772,15,0.996,7.03468961919666,0,0,1,81.2439759036145,1,82.2319277108434
0.0153812670815772,16,0.989,7.33994087984698,0,0,1,85.3670374115268,1,86.3589484327604
0.0153812670815772,17,0.991,6.37584767866458,0,0,1,74.0090817356206,1,74.991927346115
0.0153812670815772,18,0.99,6.62119631368458,0,0,1,76.930303030303,1,77.9222222222222
0.0153812670815772,19,0.993,6.73352460441662,0,0,1,78.4235412474849,1,79.4114688128773
0.0153812670815772,20,0.993,6.62962962962963,0,0,1,76.7995971802618,1,77.7834843907351
0.0153812670815772,21,0.988,6.8358546339767,0,0,1,79.587044534413,1,80.5748987854251
0.0153812670815772,22,0.995,6.50043470700748,0,0,1,75.1537688442211,1,76.1326633165829
0.0153812670815772,23,0.991,6.96304990436446,0,0,1,80.8183652875883,1,81.8143289606458
0.0153812670815772,24,0.99,6.37880368631542,0,0,1,74.1171717171717,1,75.1030303030303
0.0153812670815772,25,0.992,6.99069727003999,0,0,1,81.0635080645161,1,82.0473790322581
0.0153812670815772,26,0.988,6.74508781081551,0,0,1,78.9504550050556,1,79.9464105156724
0.0153812670815772,27,0.989,6.39323595896366,0,0,1,74.360970677452,1,75.3447927199191
0.0153812670815772,28,0.992,7.15901582333507,0,0,1,83.0151209677419,1,83.9989919354839
0.0153812670815772,29,0.991,6.42983828899322,0,0,1,75.0625,1,76.0483870967742
0.0153812670815772,30,0.989,7.24030603373326,0,0,1,84.2082912032356,1,85.2002022244692
0.0153812670815772,31,0.992,6.66675360806816,0,0,1,77.7270896273917,1,78.7210473313192
0.0153812670815772,32,0.987,6.54216657972527,0,0,1,76.6730769230769,1,77.6589068825911
0.0153812670815772,33,0.998,6.86167623022083,0,0,1,79.0871743486974,1,80.0751503006012
0.0153812670815772,34,0.996,6.85072161363241,0,0,1,79.1214859437751,1,80.105421686747
0.0153812670815772,35,0.986,7.17257868196835,0,0,1,83.6724137931034,1,84.6683569979716
0.0153812670815772,36,0.991,6.84750478177708,0,0,1,79.4772956609485,1,80.4732593340061
0.0153812670815772,37,0.992,6.72909059294036,0,0,1,78.0302419354839,1,79.0141129032258
0.0153812670815772,38,0.995,6.77812554338376,0,0,1,78.3597989949749,1,79.3477386934673
0.0153812670815772,39,0.987,6.81655364284472,0,0,1,79.4437689969605,1,80.4285714285714
0.0153812670815772,40,0.992,6.73508954964354,0,0,1,78.0947580645161,1,79.0887096774194
0.0153812670815772,41,0.991,6.56929229699183,0,0,1,76.6804435483871,1,77.2391523713421
0.0153812670815772,42,0.991,6.51643192488263,0,0,1,75.635721493441,1,76.6296670030273
0.0153812670815772,43,0.993,7.02903842809946,0,0,1,81.8440643863179,1,82.8319919517103
0.0153812670815772,44,0.993,7.17327421318032,0,0,1,83.0956696878147,1,84.0815709969789
0.0153812670815772,45,0.99,6.64753955833768,0,0,1,77.2343434343434,1,78.230303030303
0.0153812670815772,46,0.99,7.3357676925752,0,0,1,85.2313131313131,1,86.2252525252525
0.0153812670815772,47,0.988,6.74552251782299,0,0,1,78.5313765182186,1,79.5263157894737
0.0153812670815772,48,0.989,6.64597461311076,0,0,1,77.2942366026289,1,78.2901921132457
0.0153812670815772,49,0.994,6.91653625456442,0,0,1,80.0372233400402,1,81.0311871227364
0.0153812670815772,50,0.991,6.57781255433838,0,0,1,76.7721774193548,1,77.7701612903226
0.0153812670815772,51,0.991,6.64014953921057,0,0,1,77.0716448032291,1,78.0655903128153
0.0153812670815772,52,0.993,7.0736393670666,0,0,1,81.9375629405841,1,82.9315206445116
0.0153812670815772,53,0.992,6.66310206920536,0,0,1,77.6858006042296,1,78.6777442094663
0.0153812670815772,54,0.991,6.78916710137367,0,0,1,78.8042381432896,1,79.7921291624622
0.0153812670815772,55,0.994,6.71109372283081,0,0,1,77.6619718309859,1,78.6509054325956
0.0153812670815772,56,0.984,6.62710832898626,0,0,1,77.8984771573604,1,78.8842639593909
0.0153812670815772,57,0.991,6.44374891323248,0,0,1,75.2247983870968,1,75.782038345106
0.0153812670815772,58,0.993,7.47087463049904,0,0,1,86.539778449144,1,87.5317220543807
0.0153812670815772,59,0.994,6.98269866110242,0,0,1,80.8048289738431,1,81.79476861167
0.0153812670815772,60,0.993,7.1338897583029,0,0,1,82.6374622356496,1,83.6273917421954
0.0153812670815772,61,0.993,6.54729612241349,0,0,1,75.8429003021148,1,76.8328298086606
0.0153812670815772,62,0.994,6.45296470179099,0,0,1,74.6760563380282,1,75.6639839034205
0.0153812670815772,63,0.99,7.16736219787863,0,0,1,83.2787878787879,1,84.2646464646465
0.0153812670815772,64,0.995,6.92001391062424,0,0,1,79.9969849246231,1,80.9899497487437
0.0153812670815772,65,0.996,6.45044340114763,0,0,1,74.4949799196787,1,75.4869477911647
0.0153812670815772,66,0.993,6.76830116501478,0,0,1,78.4008056394763,1,79.3947633434038
0.0153812670815772,67,0.992,6.75230394713963,0,0,1,78.2973790322581,1,79.2842741935484
0.0153812670815772,68,0.99,6.95374717440445,0,0,1,80.7949494949495,1,81.7848484848485
0.0153812670815772,69,0.992,6.64701790992871,0,0,1,77.0735887096774,1,78.0675403225806
0.0153812670815772,70,0.996,6.55442531733612,0,0,1,75.6967871485944,1,76.6867469879518
0.0153812670815772,71,0.991,6.82907320466006,0,0,1,79.2663975782038,1,80.2563067608476
0.0153812670815772,72,0.987,6.9793079464441,0,0,1,81.7611336032389,1,82.751012145749
0.0153812670815772,73,0.995,6.60798122065728,0,0,1,76.3939698492462,1,77.3798994974874
0.0153812670815772,74,0.991,6.63302034428795,0,0,1,76.9889001009082,1,77.9828456104945
0.0153812670815772,75,0.99,6.63475917231786,0,0,1,77.0868686868687,1,78.079797979798
0.0153812670815772,76,0.99,7.03894974786994,0,0,1,81.789898989899,1,82.769696969697
0.0153812670815772,77,0.991,6.74491392801252,0,0,1,78.29263370333,1,79.27648839556
0.0153812670815772,78,0.992,6.34385324291428,0,0,1,73.5614919354839,1,74.5493951612903
0.0153812670815772,79,0.992,6.94183620239958,0,0,1,80.4979838709677,1,81.4798387096774
0.0153812670815772,80,0.991,6.52356111980525,0,0,1,75.7184661957619,1,76.7124117053481
0.0153812670815772,81,0.99,6.69066249347939,0,0,1,77.7363636363636,1,78.730303030303
0.0153812670815772,82,0.991,6.70118240306034,0,0,1,77.782038345106,1,78.7719475277497
0.0153812670815772,83,0.997,6.58320292123109,0,0,1,75.9538615847543,1,76.9418254764293
0.0153812670815772,84,0.996,6.67683881064163,0,0,1,77.1074297188755,1,78.1034136546185
0.0153812670815772,85,0.992,6.92323074247957,0,0,1,80.6978851963746,1,81.6898288016113
0.0153812670815772,86,0.992,6.82046600591202,0,0,1,79.9346076458752,1,80.9164989939638
0.0153812670815772,87,0.991,6.65875499913059,0,0,1,77.7116935483871,1,78.7076612903226
0.0153812670815772,88,0.992,7.14866979655712,0,0,1,82.8901209677419,1,83.8840725806452
0.0153812670815772,89,0.988,6.8056859676578,0,0,1,79.2317813765182,1,80.2277327935223
0.0153812670815772,90,0.988,7.15884194053208,0,0,1,83.7674418604651,1,84.336032388664
0.0153812670815772,91,0.993,7.14571378890628,0,0,1,82.773413897281,1,83.7653575025176
0.0153812670815772,92,0.991,6.94253173361155,0,0,1,80.5862764883956,1,81.5701311806256
0.0153812670815772,93,0.989,7.05555555555556,0,0,1,82.0606673407482,1,83.0505561172902
0.0153812670815772,94,0.994,6.60406885758998,0,0,1,76.420523138833,1,77.4164989939638
0.0153812670815772,95,0.991,7.08981046774474,0,0,1,82.2906155398587,1,83.284561049445
0.0153812670815772,96,0.993,7.33298556772735,0,0,1,84.9425981873112,1,85.9345417925478
0.0153812670815772,97,0.988,7.01251956181534,0,0,1,82.4848484848485,1,83.0546006066734
0.0153812670815772,98,0.993,6.63041210224309,0,0,1,76.8036253776435,1,77.797583081571
0.0153812670815772,99,0.992,6.99904364458355,0,0,1,81.1552419354839,1,82.1491935483871
0.0153812670815772,100,0.995,6.67136150234742,0,0,1,77.1256281407035,1,78.113567839196
0.0177578213690012,1,1,4.04251434533125,0,0,1,46.501,1,47.493
0.0177578213690012,2,1,3.93053382020518,0,0,1,45.215,1,46.203
0.0177578213690012,3,1,4.11632759520083,0,0,1,47.353,1,48.339
0.0177578213690012,4,1,3.88984524430534,0,0,1,44.748,1,45.734
0.0177578213690012,5,1,3.91584072335246,0,0,1,45.046,1,46.033
0.0177578213690012,6,1,3.61006781429317,0,0,1,41.531,1,42.515
0.0177578213690012,7,1,4.14467049208833,0,0,1,47.68,1,48.664
0.0177578213690012,8,1,3.9698313336811,0,0,1,45.665,1,46.657
0.0177578213690012,9,1,3.95452964701791,0,0,1,45.488,1,46.482
0.0177578213690012,10,1,3.84793948878456,0,0,1,44.262,1,45.256
0.0177578213690012,11,1,3.92931664058425,0,0,1,45.197,1,46.193
0.0177578213690012,12,1,3.76369327073552,0,0,1,43.294,1,44.285
0.0177578213690012,13,1,3.79394887845592,0,0,1,43.645,1,44.631
0.0177578213690012,14,1,3.75743348982786,0,0,1,43.229,1,44.207
0.0177578213690012,15,1,3.9566162406538,0,0,1,45.515,1,46.503
0.0177578213690012,16,1,3.86689271431055,0,0,1,44.484,1,45.47
0.0177578213690012,17,1,3.87193531559729,0,0,1,44.539,1,45.531
0.0177578213690012,18,1,3.94609633107286,0,0,1,45.392,1,46.384
0.0177578213690012,19,1,3.96670144322726,0,0,1,45.627,1,46.623
0.0177578213690012,20,1,3.92723004694836,0,0,1,45.173,1,46.169
0.0177578213690012,21,1,3.97713441140671,0,0,1,45.746,1,46.744
0.0177578213690012,22,1,3.78229873065554,0,0,1,43.509,1,44.499
0.0177578213690012,23,1,3.92027473482873,0,0,1,45.095,1,46.087
0.0177578213690012,24,1,3.99104503564597,0,0,1,45.911,1,46.899
0.0177578213690012,25,1,3.97635193879325,0,0,1,45.741,1,46.731
0.0177578213690012,26,1,3.82394366197183,0,0,1,43.985,1,44.981
0.0177578213690012,27,1,3.87593462006608,0,0,1,44.583,1,45.579
0.0177578213690012,28,1,3.77377847330899,0,0,1,43.413,1,44.399
0.0177578213690012,29,1,3.96904886106764,0,0,1,45.659,1,46.645
0.0177578213690012,30,1,3.96713615023474,0,0,1,45.634,1,46.626
0.0177578213690012,31,1,3.98965397322205,0,0,1,45.891,1,46.887
0.0177578213690012,32,1,3.95609459224483,0,0,1,45.511,1,46.494
0.0177578213690012,33,1,3.91471048513302,0,0,1,45.034,1,46.02
0.0177578213690012,34,1,3.94792210050426,0,0,1,45.413,1,46.405
0.0177578213690012,35,1,3.9168840201704,0,0,1,45.057,1,46.047
0.0177578213690012,36,1,4.04581811858807,0,0,1,46.539,1,47.531
0.0177578213690012,37,1,3.84089723526343,0,0,1,44.185,1,45.171
0.0177578213690012,38,1,4.01530168666319,0,0,1,46.187,1,47.181
0.0177578213690012,39,1,3.98582855155625,0,0,1,45.848,1,46.842
0.0177578213690012,40,1,3.71535385150409,0,0,1,42.739,1,43.729
0.0177578213690012,41,1,4.07416101547557,0,0,1,46.867,1,47.855
0.0177578213690012,42,1,3.97513475917232,0,0,1,45.724,1,46.72
0.0177578213690012,43,1,4.01843157711702,0,0,1,46.223,1,47.217
0.0177578213690012,44,1,3.90723352460442,0,0,1,44.947,1,45.935
0.0177578213690012,45,1,3.98182924708746,0,0,1,45.805,1,46.793
0.0177578213690012,46,1,3.93462006607547,0,0,1,45.261,1,46.251
0.0177578213690012,47,1,3.95009563554164,0,0,1,45.435,1,46.433
0.0177578213690012,48,1,3.95226917057903,0,0,1,45.465,1,46.453
0.0177578213690012,49,1,4.12902103981916,0,0,1,47.496,1,48.488
0.0177578213690012,50,1,3.8414188836724,0,0,1,44.19,1,45.178
0.0177578213690012,51,1,4.14162754303599,0,0,1,47.64,1,48.634
0.0177578213690012,52,1,3.98513302034429,0,0,1,45.84,1,46.834
0.0177578213690012,53,1,4.10389497478699,0,0,1,47.205,1,48.2
0.0177578213690012,54,1,4.05764214919145,0,0,1,46.676,1,47.666
0.0177578213690012,55,1,3.85141714484437,0,0,1,44.306,1,45.292
0.0177578213690012,56,1,4.03529820900713,0,0,1,46.421,1,47.407
0.0177578213690012,57,1,3.94879151451921,0,0,1,45.423,1,46.416
0.0177578213690012,58,1,3.99165362545644,0,0,1,45.92,1,46.904
0.0177578213690012,59,1,3.79647017909929,0,0,1,43.671,1,44.663
0.0177578213690012,60,1,4.09102764736568,0,0,1,47.058,1,48.052
0.0177578213690012,61,0.999,3.83985393844549,0,0,1,44.2132132132132,1,45.2072072072072
0.0177578213690012,62,1,3.61954442705616,0,0,1,41.637,1,42.626
0.0177578213690012,63,1,3.9848721961398,0,0,1,45.839,1,46.829
0.0177578213690012,64,1,3.78751521474526,0,0,1,43.568,1,44.56
0.0177578213690012,65,1,3.93505477308294,0,0,1,45.268,1,46.254
0.0177578213690012,66,1,3.79342723004695,0,0,1,43.637,1,44.627
0.0177578213690012,67,1,3.81785776386715,0,0,1,43.917,1,44.909
0.0177578213690012,68,1,4.04851330203443,0,0,1,46.57,1,47.562
0.0177578213690012,69,1,4.09650495565988,0,0,1,47.123,1,48.113
0.0177578213690012,70,1,3.91984002782125,0,0,1,45.093,1,46.079
0.0177578213690012,71,1,4.03834115805947,0,0,1,46.45,1,47.448
0.0177578213690012,72,1,4.00399930446879,0,0,1,46.061,1,47.047
0.0177578213690012,73,1,4.02529994783516,0,0,1,46.301,1,47.297
0.0177578213690012,74,1,3.77464788732394,0,0,1,43.42,1,44.412
0.0177578213690012,75,1,4.20039993044688,0,0,1,48.318,1,49.308
0.0177578213690012,76,1,4.09398365501652,0,0,1,47.095,1,48.083
0.0177578213690012,77,1,4.04842636063293,0,0,1,46.568,1,47.562
0.0177578213690012,78,1,3.93496783168145,0,0,1,45.264,1,46.256
0.0177578213690012,79,1,3.89914797426534,0,0,1,44.851,1,45.843
0.0177578213690012,80,1,3.94861763171622,0,0,1,45.425,1,46.409
0.0177578213690012,81,0.999,4.02799513128152,0,0,1,46.3813813813814,1,47.3713713713714
0.0177578213690012,82,1,4.09485306903147,0,0,1,47.103,1,48.095
0.0177578213690012,83,1,3.89540949400104,0,0,1,44.81,1,45.799
0.0177578213690012,84,1,3.96522343940184,0,0,1,45.614,1,46.602
0.0177578213690012,85,1,3.91497130933751,0,0,1,45.036,1,46.024
0.0177578213690012,86,1,3.91949226221527,0,0,1,45.091,1,46.073
0.0177578213690012,87,1,3.99382716049383,0,0,1,45.94,1,46.934
0.0177578213690012,88,1,3.84124500086941,0,0,1,44.187,1,45.177
0.0177578213690012,89,1,3.90288645452965,0,0,1,44.895,1,45.887
0.0177578213690012,90,0.999,3.91358024691358,0,0,1,45.0630630630631,1,46.0550550550551
0.0177578213690012,91,1,3.99643540253869,0,0,1,45.969,1,46.965
0.0177578213690012,92,1,3.8414188836724,0,0,1,44.188,1,45.18
0.0177578213690012,93,1,3.98782820379065,0,0,1,45.872,1,46.864
0.0177578213690012,94,1,3.94418362023996,0,0,1,45.369,1,46.363
0.0177578213690012,95,1,3.87402190923318,0,0,1,44.562,1,45.556
0.0177578213690012,96,1,3.92940358198574,0,0,1,45.202,1,46.19
0.0177578213690012,97,1,3.79142757781255,0,0,1,43.613,1,44.605
0.0177578213690012,98,1,3.96105025213006,0,0,1,45.565,1,46.555
0.0177578213690012,99,1,3.82368283776734,0,0,1,43.985,1,44.975
0.0177578213690012,100,1,3.95366023300296,0,0,1,45.478,1,46.472
0.0201833373201654,1,1,2.77534341853591,0,0,1,31.925,1,32.919
0.0201833373201654,2,1,2.98921926621457,0,0,1,34.387,1,35.377
0.0201833373201654,3,1,3.01538862806468,0,0,1,34.692,1,35.674
0.0201833373201654,4,1,2.92123109024517,0,0,1,33.607,1,34.593
0.0201833373201654,5,1,2.8942792557816,0,0,1,33.297,1,34.282
0.0201833373201654,6,1,2.89480090419058,0,0,1,33.3,1,34.292
0.0201833373201654,7,1,2.85028690662493,0,0,1,32.79,1,33.778
0.0201833373201654,8,1,2.9472265692923,0,0,1,33.904,1,34.894
0.0201833373201654,9,1,2.95183446357155,0,0,1,33.961,1,34.943
0.0201833373201654,10,1,2.83107285689445,0,0,1,32.569,1,33.557
0.0201833373201654,11,1,2.99113197704747,0,0,1,34.408,1,35.4
0.0201833373201654,12,1,2.98904538341158,0,0,1,34.383,1,35.377
0.0201833373201654,13,1,2.81777082246566,0,0,1,32.414,1,33.406
0.0201833373201654,14,1,2.99826117197009,0,0,1,34.493,1,35.479
0.0201833373201654,15,1,2.91627543035994,0,0,1,33.552,1,34.533
0.0201833373201654,16,1,2.93348982785602,0,0,1,33.745,1,34.737
0.0201833373201654,17,1,2.89827856025039,0,0,1,33.341,1,34.331
0.0201833373201654,18,1,2.94940010432968,0,0,1,33.931,1,34.917
0.0201833373201654,19,1,2.88523735002608,0,0,1,33.189,1,34.183
0.0201833373201654,20,1,2.89358372456964,0,0,1,33.288,1,34.276
0.0201833373201654,21,1,2.94201008520257,0,0,1,33.843,1,34.835
0.0201833373201654,22,1,3.05173013388976,0,0,1,35.106,1,36.096
0.0201833373201654,23,1,2.90253868892367,0,0,1,33.39,1,34.38
0.0201833373201654,24,1,3.01608415927665,0,0,1,34.692,1,35.69
0.0201833373201654,25,1,2.96539732220483,0,0,1,34.115,1,35.101
0.0201833373201654,26,1,2.93435924187098,0,0,1,33.756,1,34.746
0.0201833373201654,27,1,2.95374717440445,0,0,1,33.979,1,34.969
0.0201833373201654,28,1,2.87558685446009,0,0,1,33.082,1,34.068
0.0201833373201654,29,1,2.94766127629977,0,0,1,33.91,1,34.898
0.0201833373201654,30,1,2.85706833594158,0,0,1,32.865,1,33.859
0.0201833373201654,31,1,2.79838288993219,0,0,1,32.193,1,33.181
0.0201833373201654,32,1,2.88089027995131,0,0,1,33.142,1,34.13
0.0201833373201654,33,1,2.92818640236481,0,0,1,33.687,1,34.673
0.0201833373201654,34,1,2.70587723874109,0,0,1,31.129,1,32.117
0.0201833373201654,35,1,2.80907668231612,0,0,1,32.319,1,33.301
0.0201833373201654,36,1,2.8792383933229,0,0,1,33.12,1,34.114
0.0201833373201654,37,1,2.78403755868545,0,0,1,32.033,1,33.01
0.0201833373201654,38,1,2.83881064162754,0,0,1,32.659,1,33.645
0.0201833373201654,39,1,2.8641975308642,0,0,1,32.945,1,33.943
0.0201833373201654,40,1,2.94357503042949,0,0,1,33.865,1,34.848
0.0201833373201654,41,1,2.87628238567206,0,0,1,33.092,1,34.074
0.0201833373201654,42,1,2.9753955833768,0,0,1,34.226,1,35.22
0.0201833373201654,43,1,2.88419405320814,0,0,1,33.178,1,34.17
0.0201833373201654,44,1,2.92601286732742,0,0,1,33.659,1,34.651
0.0201833373201654,45,1,2.98313336810989,0,0,1,34.315,1,35.309
0.0201833373201654,46,1,2.94566162406538,0,0,1,33.883,1,34.879
0.0201833373201654,47,1,2.97504781777082,0,0,1,34.223,1,35.214
0.0201833373201654,48,1,2.7698661102417,0,0,1,31.868,1,32.85
0.0201833373201654,49,1,2.76264997391758,0,0,1,31.784,1,32.768
0.0201833373201654,50,1,3.02938619370544,0,0,1,34.848,1,35.84
0.0201833373201654,51,1,2.88880194748739,0,0,1,33.229,1,34.224
0.0201833373201654,52,1,3.10406885758998,0,0,1,35.708,1,36.698
0.0201833373201654,53,1,2.82698661102417,0,0,1,32.52,1,33.512
0.0201833373201654,54,1,2.86393670665971,0,0,1,32.949,1,33.933
0.0201833373201654,55,1,2.89723526343245,0,0,1,33.329,1,34.319
0.0201833373201654,56,1,2.943314206225,0,0,1,33.859,1,34.849
0.0201833373201654,57,1,2.76673621978786,0,0,1,31.828,1,32.818
0.0201833373201654,58,1,2.90775517301339,0,0,1,33.451,1,34.439
0.0201833373201654,59,1,2.92801251956182,0,0,1,33.682,1,34.674
0.0201833373201654,60,1,3.05972874282733,0,0,1,35.198,1,36.188
0.0201833373201654,61,1,3.07720396452791,0,0,1,35.402,1,36.386
0.0201833373201654,62,1,2.93740219092332,0,0,1,33.788,1,34.784
0.0201833373201654,63,1,2.96374543557642,0,0,1,34.096,1,35.081
0.0201833373201654,64,1,2.90905929403582,0,0,1,33.463,1,34.457
0.0201833373201654,65,1,2.95792036167623,0,0,1,34.026,1,35.018
0.0201833373201654,66,1,2.84480959833073,0,0,1,32.724,1,33.718
0.0201833373201654,67,1,3.047209181012,0,0,1,35.056,1,36.042
0.0201833373201654,68,1,2.92036167623022,0,0,1,33.598,1,34.582
0.0201833373201654,69,1,3.07103112502174,0,0,1,35.327,1,36.319
0.0201833373201654,70,1,2.87315249521822,0,0,1,33.055,1,34.039
0.0201833373201654,71,1,2.77056164145366,0,0,1,31.869,1,32.865
0.0201833373201654,72,1,2.79499217527387,0,0,1,32.154,1,33.142
0.0201833373201654,73,1,2.91036341505825,0,0,1,33.48,1,34.47
0.0201833373201654,74,1,2.81707529125369,0,0,1,32.405,1,33.399
0.0201833373201654,75,1,2.82820379064511,0,0,1,32.537,1,33.523
0.0201833373201654,76,1,2.89175795513824,0,0,1,33.265,1,34.257
0.0201833373201654,77,1,2.84280994609633,0,0,1,32.699,1,33.697
0.0201833373201654,78,1,2.7716918796731,0,0,1,31.885,1,32.875
0.0201833373201654,79,1,2.83689793079464,0,0,1,32.636,1,33.624
0.0201833373201654,80,1,2.91071118066423,0,0,1,33.486,1,34.472
0.0201833373201654,81,1,2.78029907842114,0,0,1,31.985,1,32.973
0.0201833373201654,82,1,2.9678316814467,0,0,1,34.138,1,35.134
0.0201833373201654,83,1,3.04303599374022,0,0,1,35.003,1,35.999
0.0201833373201654,84,1,2.96461484959138,0,0,1,34.107,1,35.091
0.0201833373201654,85,1,2.81072856894453,0,0,1,32.333,1,33.325
0.0201833373201654,86,1,2.99487045731177,0,0,1,34.451,1,35.443
0.0201833373201654,87,1,2.96583202921231,0,0,1,34.12,1,35.106
0.0201833373201654,88,1,2.87428273343766,0,0,1,33.062,1,34.058
0.0201833373201654,89,1,2.77264823508955,0,0,1,31.897,1,32.885
0.0201833373201654,90,1,2.9320118240306,0,0,1,33.727,1,34.72
0.0201833373201654,91,1,2.88349852199617,0,0,1,33.171,1,34.161
0.0201833373201654,92,1,2.9623543731525,0,0,1,34.075,1,35.071
0.0201833373201654,93,1,2.91784037558685,0,0,1,33.564,1,34.558
0.0201833373201654,94,1,3.04468788036863,0,0,1,35.024,1,36.016
0.0201833373201654,95,1,2.97513475917232,0,0,1,34.225,1,35.215
0.0201833373201654,96,1,2.93218570683359,0,0,1,33.732,1,34.72
0.0201833373201654,97,1,3.01956181533646,0,0,1,34.736,1,35.726
0.0201833373201654,98,1,2.98000347765606,0,0,1,34.28,1,35.272
0.0201833373201654,99,1,2.89158407233525,0,0,1,33.263,1,34.255
0.0201833373201654,100,1,2.94879151451921,0,0,1,33.92,1,34.914
0.0226593437422446,1,1,2.41566684054947,0,0,1,27.792,1,28.778
0.0226593437422446,2,1,2.38662841245001,0,0,1,27.458,1,28.444
0.0226593437422446,3,1,2.42905581637976,0,0,1,27.948,1,28.93
0.0226593437422446,4,1,2.39610502521301,0,0,1,27.564,1,28.556
0.0226593437422446,5,1,2.37706485828552,0,0,1,27.348,1,28.334
0.0226593437422446,6,1,2.40827682142236,0,0,1,27.71,1,28.69
0.0226593437422446,7,1,2.41062423926274,0,0,1,27.728,1,28.725
0.0226593437422446,8,1,2.29933924534863,0,0,1,26.456,1,27.438
0.0226593437422446,9,1,2.2527386541471,0,0,1,25.917,1,26.904
0.0226593437422446,10,1,2.39706138062946,0,0,1,27.576,1,28.566
0.0226593437422446,11,1,2.4942618675013,0,0,1,28.693,1,29.684
0.0226593437422446,12,1,2.33411580594679,0,0,1,26.853,1,27.841
0.0226593437422446,13,1,2.44244479221005,0,0,1,28.098,1,29.088
0.0226593437422446,14,1,2.50269518344636,0,0,1,28.79,1,29.782
0.0226593437422446,15,1,2.38941053729786,0,0,1,27.491,1,28.475
0.0226593437422446,16,1,2.34185359067988,0,0,1,26.942,1,27.928
0.0226593437422446,17,1,2.25978090766823,0,0,1,25.996,1,26.988
0.0226593437422446,18,1,2.39384454877413,0,0,1,27.536,1,28.532
0.0226593437422446,19,1,2.31864023648061,0,0,1,26.675,1,27.663
0.0226593437422446,20,1,2.4320987654321,0,0,1,27.979,1,28.969
0.0226593437422446,21,1,2.47287428273344,0,0,1,28.444,1,29.442
0.0226593437422446,22,1,2.39523561119805,0,0,1,27.556,1,28.544
0.0226593437422446,23,1,2.33568075117371,0,0,1,26.869,1,27.861
0.0226593437422446,24,1,2.49878282037906,0,0,1,28.749,1,29.731
0.0226593437422446,25,1,2.29342723004695,0,0,1,26.385,1,27.373
0.0226593437422446,26,1,2.32011824030603,0,0,1,26.689,1,27.683
0.0226593437422446,27,1,2.40479916536255,0,0,1,27.664,1,28.656
0.0226593437422446,28,1,2.3508954964354,0,0,1,27.046,1,28.033
0.0226593437422446,29,1,2.45965918970614,0,0,1,28.296,1,29.286
0.0226593437422446,30,1,2.3603721091984,0,0,1,27.153,1,28.145
0.0226593437422446,31,1,2.38341158059468,0,0,1,27.42,1,28.408
0.0226593437422446,32,1,2.46826638845418,0,0,1,28.394,1,29.386
0.0226593437422446,33,1,2.47278734133194,0,0,1,28.446,1,29.438
0.0226593437422446,34,1,2.33689793079464,0,0,1,26.882,1,27.876
0.0226593437422446,35,1,2.52138758476787,0,0,1,29.006,1,29.996
0.0226593437422446,36,1,2.47009215788559,0,0,1,28.413,1,29.408
0.0226593437422446,37,1,2.3717614327943,0,0,1,27.285,1,28.275
0.0226593437422446,38,1,2.46574508781082,0,0,1,28.365,1,29.357
0.0226593437422446,39,1,2.38149886976178,0,0,1,27.394,1,28.39
0.0226593437422446,40,1,2.43792383933229,0,0,1,28.045,1,29.037
0.0226593437422446,41,1,2.40427751695357,0,0,1,27.664,1,28.644
0.0226593437422446,42,1,2.32768214223613,0,0,1,26.776,1,27.768
0.0226593437422446,43,1,2.4187967310033,0,0,1,27.824,1,28.818
0.0226593437422446,44,1,2.38741088506347,0,0,1,27.467,1,28.453
0.0226593437422446,45,1,2.36237176143279,0,0,1,27.177,1,28.167
0.0226593437422446,46,1,2.50643366371066,0,0,1,28.831,1,29.826
0.0226593437422446,47,1,2.33481133715875,0,0,1,26.857,1,27.852
0.0226593437422446,48,1,2.41036341505825,0,0,1,27.731,1,28.717
0.0226593437422446,49,1,2.46452790818988,0,0,1,28.353,1,29.341
0.0226593437422446,50,1,2.33863675882455,0,0,1,26.906,1,27.89
0.0226593437422446,51,1,2.42097026604069,0,0,1,27.849,1,28.843
0.0226593437422446,52,1,2.47270039993045,0,0,1,28.446,1,29.436
0.0226593437422446,53,1,2.31394540079986,0,0,1,26.621,1,27.609
0.0226593437422446,54,1,2.386802295253,0,0,1,27.458,1,28.448
0.0226593437422446,55,1,2.48217701269344,0,0,1,28.554,1,29.546
0.0226593437422446,56,1,2.36167623022083,0,0,1,27.169,1,28.159
0.0226593437422446,57,1,2.32881238045557,0,0,1,26.79,1,27.782
0.0226593437422446,58,1,2.36237176143279,0,0,1,27.18,1,28.164
0.0226593437422446,59,1,2.35315597287428,0,0,1,27.072,1,28.06
0.0226593437422446,60,1,2.39932185706834,0,0,1,27.602,1,28.592
0.0226593437422446,61,1,2.27612589114937,0,0,1,26.188,1,27.172
0.0226593437422446,62,1,2.24943488089028,0,0,1,25.877,1,26.869
0.0226593437422446,63,1,2.36689271431055,0,0,1,27.231,1,28.217
0.0226593437422446,64,1,2.38271604938272,0,0,1,27.41,1,28.402
0.0226593437422446,65,1,2.37480438184664,0,0,1,27.321,1,28.309
0.0226593437422446,66,1,2.42601286732742,0,0,1,27.908,1,28.899
0.0226593437422446,67,1,2.45487741262389,0,0,1,28.239,1,29.233
0.0226593437422446,68,1,2.48087289167101,0,0,1,28.539,1,29.531
0.0226593437422446,69,1,2.39645279081899,0,0,1,27.569,1,28.559
0.0226593437422446,70,1,2.39880020865936,0,0,1,27.596,1,28.586
0.0226593437422446,71,1,2.32142236132846,0,0,1,26.707,1,27.695
0.0226593437422446,72,1,2.3056859676578,0,0,1,26.527,1,27.513
0.0226593437422446,73,1,2.35585115632064,0,0,1,27.104,1,28.089
0.0226593437422446,74,1,2.38888888888889,0,0,1,27.478,1,28.476
0.0226593437422446,75,1,2.42123109024517,0,0,1,27.85,1,28.848
0.0226593437422446,76,1,2.35898104677447,0,0,1,27.139,1,28.127
0.0226593437422446,77,1,2.358546339767,0,0,1,27.134,1,28.122
0.0226593437422446,78,1,2.405581637976,0,0,1,27.674,1,28.664
0.0226593437422446,79,1,2.35437315249522,0,0,1,27.085,1,28.075
0.0226593437422446,80,1,2.35237350026082,0,0,1,27.063,1,28.051
0.0226593437422446,81,1,2.47565640758129,0,0,1,28.486,1,29.464
0.0226593437422446,82,1,2.5113893235959,0,0,1,28.887,1,29.885
0.0226593437422446,83,1,2.45565988523735,0,0,1,28.248,1,29.242
0.0226593437422446,84,1,2.33455051295427,0,0,1,26.856,1,27.848
0.0226593437422446,85,1,2.31959659189706,0,0,1,26.683,1,27.677
0.0226593437422446,86,1,2.33098591549296,0,0,1,26.818,1,27.804
0.0226593437422446,87,1,2.48774126238915,0,0,1,28.617,1,29.611
0.0226593437422446,88,1,2.39158407233525,0,0,1,27.514,1,28.502
0.0226593437422446,89,1,2.39958268127282,0,0,1,27.612,1,28.588
0.0226593437422446,90,1,2.42140497304817,0,0,1,27.855,1,28.847
0.0226593437422446,91,1,2.37463049904364,0,0,1,27.317,1,28.309
0.0226593437422446,92,1,2.4453138584594,0,0,1,28.132,1,29.12
0.0226593437422446,93,1,2.39671361502347,0,0,1,27.571,1,28.563
0.0226593437422446,94,1,2.46809250565119,0,0,1,28.389,1,29.387
0.0226593437422446,95,1,2.27230046948357,0,0,1,26.143,1,27.129
0.0226593437422446,96,1,2.44001043296818,0,0,1,28.071,1,29.059
0.0226593437422446,97,1,2.46191966614502,0,0,1,28.323,1,29.311
0.0226593437422446,98,1,2.40818988002087,0,0,1,27.701,1,28.697
0.0226593437422446,99,1,2.39662667362198,0,0,1,27.569,1,28.563
0.0226593437422446,100,1,2.35932881238046,0,0,1,27.141,1,28.133
