g,Year,pResistantPlant
0.05,0,0.00985
0.05,1,0.03328
0.05,2,0.03065
0.05,3,0.02663
0.05,4,0.02319
0.05,5,0.02067
0.05,6,0.01819
0.05,7,0.01647
0.05,8,0.01567
0.05,9,0.01344
0.05,10,0.01239
0.05,11,0.01135
0.05,12,0.0099
0.05,13,0.0091
0.05,14,0.00843
0.05,15,0.00789
0.05,16,0.00723
0.05,17,0.00667
0.05,18,0.00627
0.05,19,0.00549
0.05,20,0.00526
0.05,21,0.00486
0.05,22,0.00485
0.05,23,0.00463
0.05,24,0.00418
0.05,25,0.00416
0.05,26,0.00367
0.05,27,0.00343
0.05,28,0.00366
0.05,29,0.00338
0.05,30,0.00319
0.05,31,0.00276
0.05,32,0.00278
0.05,33,0.00274
0.05,34,0.00245
0.05,35,0.0028
0.05,36,0.0025
0.05,37,0.00223
0.05,38,0.00236
0.05,39,0.00237
0.05,40,0.00225
0.05,41,0.00205
0.05,42,0.0021
0.05,43,0.00203
0.05,44,0.00206
0.05,45,0.00192
0.05,46,0.00201
0.05,47,0.00202
0.05,48,0.00177
0.05,49,0.00191
0.05,50,0.00187
0.05,51,0.0019
0.05,52,0.00184
0.05,53,0.00158
0.05,54,0.00152
0.05,55,0.00161
0.05,56,0.00179
0.05,57,0.00171
0.05,58,0.00182
0.05,59,0.00156
0.05,60,0.00157
0.05,61,0.0018
0.05,62,0.00152
0.05,63,0.00152
0.05,64,0.00144
0.05,65,0.0016
0.05,66,0.00148
0.05,67,0.00143
0.05,68,0.00143
0.05,69,0.00136
0.05,70,0.00125
0.05,71,0.00163
0.05,72,0.00122
0.05,73,0.00128
0.05,74,0.00131
0.05,75,0.00139
0.05,76,0.00123
0.05,77,0.00116
0.05,78,0.00122
0.05,79,0.00101
0.05,80,0.00115
0.05,81,0.00118
0.05,82,0.00129
0.05,83,0.00123
0.05,84,0.00133
0.05,85,0.00144
0.05,86,0.00117
0.05,87,0.00107
0.05,88,0.00108
0.05,89,0.00123
0.05,90,0.00107
0.05,91,0.00117
0.05,92,0.00096
0.05,93,0.001
0.05,94,0.0009
0.05,95,0.00106
0.05,96,0.00099
0.05,97,0.00108
0.05,98,0.00095
0.05,99,0.00097
0.05,100,0.00102
0.05,101,0.00117
0.05,102,0.00091
0.05,103,0.00084
0.05,104,0.00101
0.05,105,0.00086
0.05,106,0.00089
0.05,107,0.00096
0.05,108,0.00096
0.05,109,0.00085
0.05,110,0.00072
0.05,111,0.00096
0.05,112,0.00093
0.05,113,0.0008
0.05,114,0.00079
0.05,115,0.00077
0.05,116,0.00073
0.05,117,0.00081
0.05,118,0.00081
0.05,119,0.00081
0.05,120,0.00086
0.05,121,0.0008
0.05,122,0.00096
0.05,123,0.0009
0.05,124,0.00072
0.05,125,0.00085
0.05,126,0.00076
0.05,127,0.00067
0.05,128,0.00076
0.05,129,0.00079
0.05,130,0.00076
0.05,131,0.00065
0.05,132,0.00057
0.05,133,0.00068
0.05,134,0.00061
0.05,135,0.00076
0.05,136,0.00057
0.05,137,0.00054
0.05,138,0.00068
0.05,139,0.0006
0.05,140,0.00071
0.05,141,0.0006
0.05,142,0.00057
0.05,143,0.00073
0.05,144,0.00062
0.05,145,0.00062
0.05,146,0.0006
0.05,147,0.00063
0.05,148,0.00059
0.05,149,0.0006
0.05,150,0.00041
0.05,151,0.00063
0.05,152,0.00059
0.05,153,0.00059
0.05,154,0.00055
0.05,155,0.00059
0.05,156,0.00055
0.05,157,0.00052
0.05,158,0.00037
0.05,159,0.00059
0.05,160,0.00045
0.05,161,0.0006
0.05,162,0.00058
0.05,163,0.0006
0.05,164,0.00049
0.05,165,0.00067
0.05,166,0.00052
0.05,167,0.00045
0.05,168,0.00036
0.05,169,0.00045
0.05,170,0.00044
0.05,171,0.00037
0.05,172,0.00049
0.05,173,0.00039
0.05,174,0.00049
0.05,175,0.0005
0.05,176,0.00039
0.05,177,0.00044
0.05,178,0.00045
0.05,179,0.00054
0.05,180,0.00046
0.05,181,0.0004
0.05,182,0.00037
0.05,183,0.00029
0.05,184,0.00045
0.05,185,0.00037
0.05,186,0.00037
0.05,187,0.00037
0.05,188,0.00035
0.05,189,0.00046
0.05,190,0.00029
0.05,191,0.00043
0.05,192,0.00052
0.05,193,0.0004
0.05,194,0.00037
0.05,195,0.00036
0.05,196,0.00041
0.05,197,0.00039
0.05,198,0.00036
0.05,199,0.00037
0.05,200,0.0004
0.05,201,0.00053
0.05,202,0.00039
0.05,203,0.00048
0.05,204,0.00041
0.05,205,0.00039
0.05,206,0.00033
0.05,207,0.00027
0.05,208,0.0003
0.05,209,0.00041
0.05,210,0.00037
0.05,211,0.00033
0.05,212,0.0004
0.05,213,0.00027
0.05,214,0.00029
0.05,215,0.00033
0.05,216,0.00039
0.05,217,0.00033
0.05,218,0.00023
0.05,219,0.00037
0.05,220,0.00032
0.05,221,0.00043
0.05,222,0.00029
0.05,223,0.00026
0.05,224,0.00035
0.05,225,0.00024
0.05,226,0.00035
0.05,227,0.00031
0.05,228,0.00029
0.05,229,0.00024
0.05,230,0.00021
0.05,231,0.00019
0.05,232,0.00024
0.05,233,0.0003
0.05,234,0.0002
0.05,235,0.00033
0.05,236,0.00013
0.05,237,0.00036
0.05,238,0.0003
0.05,239,0.00031
0.05,240,0.00022
0.05,241,0.00029
0.05,242,0.00023
0.05,243,0.00021
0.05,244,0.00029
0.05,245,0.00035
0.05,246,0.00022
0.05,247,0.00017
0.05,248,0.00024
0.05,249,0.00022
0.05,250,0.00013
0.05,251,0.00024
0.05,252,0.00019
0.05,253,0.00026
0.05,254,0.00021
0.05,255,0.00025
0.05,256,0.00024
0.05,257,0.00019
0.05,258,0.00024
0.05,259,0.00018
0.05,260,0.00021
0.05,261,0.00017
0.05,262,0.00022
0.05,263,0.0002
0.05,264,0.00017
0.05,265,0.00013
0.05,266,0.00019
0.05,267,0.00014
0.05,268,0.00022
0.05,269,0.00016
0.05,270,0.00015
0.05,271,0.00018
0.05,272,0.0001
0.05,273,0.00026
0.05,274,0.00012
0.05,275,0.00012
0.05,276,9e-05
0.05,277,0.00016
0.05,278,0.00014
0.05,279,0.00013
0.05,280,0.00011
0.05,281,0.00018
0.05,282,0.00018
0.05,283,0.00014
0.05,284,0.00019
0.05,285,0.00013
0.05,286,0.00013
0.05,287,0.00016
0.05,288,0.00018
0.05,289,0.00013
0.05,290,0.00013
0.05,291,0.00017
0.05,292,0.00013
0.05,293,0.00012
0.05,294,0.00012
0.05,295,0.00018
0.05,296,0.00015
0.05,297,0.00012
0.05,298,0.00013
0.05,299,0.0002
0.05,300,0.00018
0.05,301,9e-05
0.05,302,0.00015
0.05,303,0.00015
0.05,304,0.00016
0.05,305,0.00011
0.05,306,0.00015
0.05,307,0.00022
0.05,308,0.00012
0.05,309,0.00012
0.05,310,0.00016
0.05,311,0.00018
0.05,312,0.0001
0.05,313,0.00013
0.05,314,7e-05
0.05,315,9e-05
0.05,316,0.00011
0.05,317,0.0001
0.05,318,0.00017
0.05,319,0.00013
0.05,320,0.00011
0.05,321,6e-05
0.05,322,7e-05
0.05,323,9e-05
0.05,324,0.00017
0.05,325,0.00012
0.05,326,3e-05
0.05,327,0.0001
0.05,328,0.00017
0.05,329,0.00015
0.05,330,0.0001
0.05,331,0.00012
0.05,332,0.00012
0.05,333,9e-05
0.05,334,8e-05
0.05,335,0.00012
0.05,336,0.00016
0.05,337,0.00012
0.05,338,0.00012
0.05,339,0.00013
0.05,340,6e-05
0.05,341,9e-05
0.05,342,0.00017
0.05,343,0.00013
0.05,344,0.00011
0.05,345,0.00013
0.05,346,0.00012
0.05,347,8e-05
0.05,348,6e-05
0.05,349,0.00014
0.05,350,0.00012
0.05,351,7e-05
0.05,352,8e-05
0.05,353,9e-05
0.05,354,8e-05
0.05,355,6e-05
0.05,356,0.0001
0.05,357,9e-05
0.05,358,8e-05
0.05,359,0.00012
0.05,360,9e-05
0.05,361,0.00012
0.05,362,0.00011
0.05,363,6e-05
0.05,364,7e-05
0.05,365,8e-05
0.05,366,0.00012
0.05,367,7e-05
0.05,368,5e-05
0.05,369,5e-05
0.05,370,3e-05
0.05,371,5e-05
0.05,372,8e-05
0.05,373,8e-05
0.05,374,0.00011
0.05,375,6e-05
0.05,376,6e-05
0.05,377,6e-05
0.05,378,4e-05
0.05,379,5e-05
0.05,380,2e-05
0.05,381,8e-05
0.05,382,4e-05
0.05,383,7e-05
0.05,384,3e-05
0.05,385,6e-05
0.05,386,8e-05
0.05,387,5e-05
0.05,388,4e-05
0.05,389,4e-05
0.05,390,9e-05
0.05,391,9e-05
0.05,392,5e-05
0.05,393,4e-05
0.05,394,6e-05
0.05,395,6e-05
0.05,396,3e-05
0.05,397,4e-05
0.05,398,7e-05
0.05,399,3e-05
0.05,400,0.0001
0.05,401,5e-05
0.05,402,4e-05
0.05,403,9e-05
0.05,404,7e-05
0.05,405,4e-05
0.05,406,0.00014
0.05,407,5e-05
0.05,408,0
0.05,409,3e-05
0.05,410,7e-05
0.05,411,4e-05
0.05,412,5e-05
0.05,413,6e-05
0.05,414,5e-05
0.05,415,2e-05
0.05,416,6e-05
0.05,417,1e-05
0.05,418,6e-05
0.05,419,4e-05
0.05,420,7e-05
0.05,421,6e-05
0.05,422,5e-05
0.05,423,7e-05
0.05,424,6e-05
0.05,425,1e-05
0.05,426,5e-05
0.05,427,4e-05
0.05,428,6e-05
0.05,429,8e-05
0.05,430,3e-05
0.05,431,6e-05
0.05,432,6e-05
0.05,433,5e-05
0.05,434,3e-05
0.05,435,4e-05
0.05,436,4e-05
0.05,437,6e-05
0.05,438,4e-05
0.05,439,0
0.05,440,3e-05
0.05,441,5e-05
0.05,442,6e-05
0.05,443,2e-05
0.05,444,0.0001
0.05,445,1e-05
0.05,446,3e-05
0.05,447,5e-05
0.05,448,2e-05
0.05,449,2e-05
0.05,450,5e-05
0.05,451,4e-05
0.05,452,5e-05
0.05,453,1e-05
0.05,454,7e-05
0.05,455,2e-05
0.05,456,6e-05
0.05,457,2e-05
0.05,458,3e-05
0.05,459,3e-05
0.05,460,3e-05
0.05,461,3e-05
0.05,462,5e-05
0.05,463,2e-05
0.05,464,3e-05
0.05,465,4e-05
0.05,466,2e-05
0.05,467,3e-05
0.05,468,5e-05
0.05,469,5e-05
0.05,470,2e-05
0.05,471,4e-05
0.05,472,0
0.05,473,5e-05
0.05,474,1e-05
0.05,475,3e-05
0.05,476,4e-05
0.05,477,6e-05
0.05,478,2e-05
0.05,479,3e-05
0.05,480,4e-05
0.05,481,4e-05
0.05,482,2e-05
0.05,483,1e-05
0.05,484,3e-05
0.05,485,2e-05
0.05,486,7e-05
0.05,487,1e-05
0.05,488,5e-05
0.05,489,3e-05
0.05,490,2e-05
0.05,491,4e-05
0.05,492,3e-05
0.05,493,1e-05
0.05,494,1e-05
0.05,495,0
0.05,496,2e-05
0.05,497,1e-05
0.05,498,4e-05
0.05,499,2e-05
0.05,500,3e-05
0.1,0,0.00849
0.1,1,0.05385
0.1,2,0.04387
0.1,3,0.03422
0.1,4,0.02759
0.1,5,0.02231
0.1,6,0.01875
0.1,7,0.01519
0.1,8,0.01342
0.1,9,0.01113
0.1,10,0.00987
0.1,11,0.00912
0.1,12,0.00805
0.1,13,0.00752
0.1,14,0.00628
0.1,15,0.00582
0.1,16,0.00516
0.1,17,0.0046
0.1,18,0.0047
0.1,19,0.00444
0.1,20,0.0044
0.1,21,0.00442
0.1,22,0.00393
0.1,23,0.00396
0.1,24,0.00388
0.1,25,0.00358
0.1,26,0.00353
0.1,27,0.00336
0.1,28,0.00304
0.1,29,0.00348
0.1,30,0.00336
0.1,31,0.00324
0.1,32,0.00294
0.1,33,0.00293
0.1,34,0.00274
0.1,35,0.00248
0.1,36,0.0026
0.1,37,0.00243
0.1,38,0.00275
0.1,39,0.00259
0.1,40,0.00227
0.1,41,0.00249
0.1,42,0.00237
0.1,43,0.00219
0.1,44,0.00221
0.1,45,0.00229
0.1,46,0.00205
0.1,47,0.0022
0.1,48,0.00176
0.1,49,0.00222
0.1,50,0.00198
0.1,51,0.00194
0.1,52,0.00183
0.1,53,0.00186
0.1,54,0.0017
0.1,55,0.00192
0.1,56,0.00175
0.1,57,0.00181
0.1,58,0.00166
0.1,59,0.00147
0.1,60,0.00155
0.1,61,0.00136
0.1,62,0.00141
0.1,63,0.00137
0.1,64,0.00134
0.1,65,0.00136
0.1,66,0.00129
0.1,67,0.00151
0.1,68,0.0015
0.1,69,0.00126
0.1,70,0.00118
0.1,71,0.00129
0.1,72,0.00131
0.1,73,0.00126
0.1,74,0.00127
0.1,75,0.00127
0.1,76,0.0012
0.1,77,0.00106
0.1,78,0.00085
0.1,79,0.00101
0.1,80,0.00108
0.1,81,0.00099
0.1,82,0.00103
0.1,83,0.00118
0.1,84,0.00095
0.1,85,0.00105
0.1,86,0.00083
0.1,87,0.00091
0.1,88,0.00085
0.1,89,0.00102
0.1,90,0.00084
0.1,91,0.0009
0.1,92,0.00087
0.1,93,0.00073
0.1,94,0.00076
0.1,95,0.00074
0.1,96,0.00082
0.1,97,0.00067
0.1,98,0.00059
0.1,99,0.00055
0.1,100,0.00071
0.1,101,0.00062
0.1,102,0.00073
0.1,103,0.00076
0.1,104,0.00069
0.1,105,0.00066
0.1,106,0.00047
0.1,107,0.00055
0.1,108,0.00064
0.1,109,0.00047
0.1,110,0.00072
0.1,111,0.00058
0.1,112,0.00056
0.1,113,0.00051
0.1,114,0.00057
0.1,115,0.0006
0.1,116,0.00054
0.1,117,0.00053
0.1,118,0.0005
0.1,119,0.00065
0.1,120,0.00045
0.1,121,0.00064
0.1,122,0.00041
0.1,123,0.00054
0.1,124,0.00039
0.1,125,0.00038
0.1,126,0.00055
0.1,127,0.00039
0.1,128,0.00036
0.1,129,0.00045
0.1,130,0.00037
0.1,131,0.00044
0.1,132,0.00037
0.1,133,0.00037
0.1,134,0.00041
0.1,135,0.00043
0.1,136,0.00039
0.1,137,0.00039
0.1,138,0.00037
0.1,139,0.00028
0.1,140,0.00028
0.1,141,0.00035
0.1,142,0.00033
0.1,143,0.00027
0.1,144,0.00034
0.1,145,0.00032
0.1,146,0.00037
0.1,147,0.00034
0.1,148,0.00041
0.1,149,0.00046
0.1,150,0.00029
0.1,151,0.00028
0.1,152,0.00036
0.1,153,0.00019
0.1,154,0.0002
0.1,155,0.00036
0.1,156,0.0003
0.1,157,0.0002
0.1,158,0.00034
0.1,159,0.0003
0.1,160,0.00023
0.1,161,0.00022
0.1,162,0.00018
0.1,163,0.00026
0.1,164,0.00014
0.1,165,0.00023
0.1,166,0.00028
0.1,167,0.00022
0.1,168,0.0002
0.1,169,0.00025
0.1,170,0.00012
0.1,171,0.00017
0.1,172,0.00019
0.1,173,0.00013
0.1,174,0.00013
0.1,175,0.0002
0.1,176,0.00017
0.1,177,0.00017
0.1,178,0.00012
0.1,179,0.00013
0.1,180,0.00022
0.1,181,0.00022
0.1,182,0.00012
0.1,183,0.0001
0.1,184,0.00012
0.1,185,0.00011
0.1,186,0.00017
0.1,187,0.00011
0.1,188,0.00021
0.1,189,0.00014
0.1,190,0.00015
0.1,191,0.00018
0.1,192,9e-05
0.1,193,0.00016
0.1,194,0.00012
0.1,195,0.00013
0.1,196,0.00011
0.1,197,9e-05
0.1,198,5e-05
0.1,199,0.00013
0.1,200,0.00012
0.1,201,0.00014
0.1,202,4e-05
0.1,203,0.0001
0.1,204,0.00014
0.1,205,6e-05
0.1,206,9e-05
0.1,207,0.00011
0.1,208,6e-05
0.1,209,0.0001
0.1,210,9e-05
0.1,211,0.0001
0.1,212,5e-05
0.1,213,0.0001
0.1,214,0.00014
0.1,215,8e-05
0.1,216,9e-05
0.1,217,0.0001
0.1,218,9e-05
0.1,219,0.00012
0.1,220,7e-05
0.1,221,7e-05
0.1,222,8e-05
0.1,223,8e-05
0.1,224,9e-05
0.1,225,4e-05
0.1,226,8e-05
0.1,227,0.0001
0.1,228,2e-05
0.1,229,8e-05
0.1,230,5e-05
0.1,231,9e-05
0.1,232,0.00011
0.1,233,9e-05
0.1,234,6e-05
0.1,235,8e-05
0.1,236,7e-05
0.1,237,9e-05
0.1,238,7e-05
0.1,239,6e-05
0.1,240,9e-05
0.1,241,4e-05
0.1,242,7e-05
0.1,243,7e-05
0.1,244,7e-05
0.1,245,5e-05
0.1,246,2e-05
0.1,247,8e-05
0.1,248,1e-05
0.1,249,3e-05
0.1,250,7e-05
0.1,251,6e-05
0.1,252,6e-05
0.1,253,5e-05
0.1,254,3e-05
0.1,255,3e-05
0.1,256,4e-05
0.1,257,4e-05
0.1,258,2e-05
0.1,259,3e-05
0.1,260,8e-05
0.1,261,4e-05
0.1,262,1e-05
0.1,263,3e-05
0.1,264,5e-05
0.1,265,1e-05
0.1,266,1e-05
0.1,267,4e-05
0.1,268,3e-05
0.1,269,4e-05
0.1,270,7e-05
0.1,271,2e-05
0.1,272,2e-05
0.1,273,6e-05
0.1,274,2e-05
0.1,275,5e-05
0.1,276,1e-05
0.1,277,4e-05
0.1,278,1e-05
0.1,279,5e-05
0.1,280,4e-05
0.1,281,6e-05
0.1,282,5e-05
0.1,283,1e-05
0.1,284,3e-05
0.1,285,1e-05
0.1,286,5e-05
0.1,287,2e-05
0.1,288,2e-05
0.1,289,2e-05
0.1,290,2e-05
0.1,291,7e-05
0.1,292,2e-05
0.1,293,1e-05
0.1,294,5e-05
0.1,295,3e-05
0.1,296,1e-05
0.1,297,0
0.1,298,2e-05
0.1,299,0
0.1,300,3e-05
0.1,301,5e-05
0.1,302,4e-05
0.1,303,1e-05
0.1,304,2e-05
0.1,305,6e-05
0.1,306,2e-05
0.1,307,1e-05
0.1,308,0
0.1,309,1e-05
0.1,310,0
0.1,311,3e-05
0.1,312,4e-05
0.1,313,2e-05
0.1,314,1e-05
0.1,315,0
0.1,316,1e-05
0.1,317,2e-05
0.1,318,4e-05
0.1,319,3e-05
0.1,320,2e-05
0.1,321,1e-05
0.1,322,1e-05
0.1,323,0
0.1,324,0
0.1,325,3e-05
0.1,326,2e-05
0.1,327,0
0.1,328,2e-05
0.1,329,0
0.1,330,1e-05
0.1,331,2e-05
0.1,332,0
0.1,333,1e-05
0.1,334,2e-05
0.1,335,0
0.1,336,0
0.1,337,1e-05
0.1,338,1e-05
0.1,339,1e-05
0.1,340,1e-05
0.1,341,2e-05
0.1,342,0
0.1,343,1e-05
0.1,344,0
0.1,345,0
0.1,346,2e-05
0.1,347,2e-05
0.1,348,1e-05
0.1,349,0
0.1,350,1e-05
0.1,351,1e-05
0.1,352,0
0.1,353,0
0.1,354,1e-05
0.1,355,3e-05
0.1,356,0
0.1,357,1e-05
0.1,358,1e-05
0.1,359,0
0.1,360,0
0.1,361,2e-05
0.1,362,1e-05
0.1,363,1e-05
0.1,364,0
0.1,365,1e-05
0.1,366,2e-05
0.1,367,0
0.1,368,1e-05
0.1,369,0
0.1,370,0
0.1,371,0
0.1,372,1e-05
0.1,373,0
0.1,374,1e-05
0.1,375,0
0.1,376,0
0.1,377,1e-05
0.1,378,0
0.1,379,1e-05
0.1,380,0
0.1,381,0
0.1,382,0
0.1,383,0
0.1,384,0
0.1,385,0
0.1,386,0
0.1,387,1e-05
0.1,388,0
0.1,389,4e-05
0.1,390,0
0.1,391,1e-05
0.1,392,0
0.1,393,1e-05
0.1,394,1e-05
0.1,395,0
0.1,396,0
0.1,397,0
0.1,398,0
0.1,399,0
0.1,400,0
0.1,401,0
0.1,402,0
0.1,403,0
0.1,404,1e-05
0.1,405,0
0.1,406,1e-05
0.1,407,2e-05
0.1,408,1e-05
0.1,409,0
0.1,410,0
0.1,411,0
0.1,412,1e-05
0.1,413,0
0.1,414,0
0.1,415,0
0.1,416,0
0.1,417,2e-05
0.1,418,1e-05
0.1,419,0
0.1,420,0
0.1,421,0
0.1,422,0
0.1,423,1e-05
0.1,424,0
0.1,425,2e-05
0.1,426,0
0.1,427,0
0.1,428,0
0.1,429,0
0.1,430,2e-05
0.1,431,0
0.1,432,0
0.1,433,0
0.1,434,0
0.1,435,0
0.1,436,0
0.1,437,0
0.1,438,1e-05
0.1,439,1e-05
0.1,440,1e-05
0.1,441,4e-05
0.1,442,0
0.1,443,0
0.1,444,0
0.1,445,1e-05
0.1,446,0
0.1,447,2e-05
0.1,448,0
0.1,449,0
0.1,450,0
0.1,451,0
0.1,452,1e-05
0.1,453,0
0.1,454,0
0.1,455,0
0.1,456,0
0.1,457,0
0.1,458,0
0.1,459,0
0.1,460,0
0.1,461,0
0.1,462,0
0.1,463,1e-05
0.1,464,1e-05
0.1,465,0
0.1,466,0
0.1,467,0
0.1,468,0
0.1,469,1e-05
0.1,470,0
0.1,471,0
0.1,472,0
0.1,473,0
0.1,474,0
0.1,475,0
0.1,476,0
0.1,477,0
0.1,478,0
0.1,479,0
0.1,480,0
0.1,481,0
0.1,482,0
0.1,483,1e-05
0.1,484,1e-05
0.1,485,0
0.1,486,0
0.1,487,0
0.1,488,0
0.1,489,1e-05
0.1,490,0
0.1,491,0
0.1,492,0
0.1,493,0
0.1,494,0
0.1,495,0
0.1,496,0
0.1,497,0
0.1,498,0
0.1,499,0
0.1,500,0
0.15,0,0.0071
0.15,1,0.06405
0.15,2,0.04632
0.15,3,0.03335
0.15,4,0.02456
0.15,5,0.01884
0.15,6,0.01585
0.15,7,0.01247
0.15,8,0.01091
0.15,9,0.00942
0.15,10,0.00837
0.15,11,0.00777
0.15,12,0.00756
0.15,13,0.00677
0.15,14,0.00632
0.15,15,0.00602
0.15,16,0.00592
0.15,17,0.00579
0.15,18,0.00525
0.15,19,0.00498
0.15,20,0.00468
0.15,21,0.0045
0.15,22,0.00428
0.15,23,0.00426
0.15,24,0.00434
0.15,25,0.00376
0.15,26,0.00367
0.15,27,0.00387
0.15,28,0.00349
0.15,29,0.0033
0.15,30,0.00307
0.15,31,0.00359
0.15,32,0.00337
0.15,33,0.00325
0.15,34,0.00285
0.15,35,0.0027
0.15,36,0.00281
0.15,37,0.00258
0.15,38,0.00242
0.15,39,0.00241
0.15,40,0.00231
0.15,41,0.00231
0.15,42,0.00249
0.15,43,0.00224
0.15,44,0.00189
0.15,45,0.00194
0.15,46,0.00193
0.15,47,0.00233
0.15,48,0.00175
0.15,49,0.00173
0.15,50,0.00197
0.15,51,0.00177
0.15,52,0.0015
0.15,53,0.00145
0.15,54,0.00168
0.15,55,0.0015
0.15,56,0.00126
0.15,57,0.00138
0.15,58,0.00162
0.15,59,0.00131
0.15,60,0.00138
0.15,61,0.00113
0.15,62,0.00129
0.15,63,0.00121
0.15,64,0.00102
0.15,65,0.00128
0.15,66,0.00101
0.15,67,0.00109
0.15,68,0.00094
0.15,69,0.00104
0.15,70,0.00087
0.15,71,0.00088
0.15,72,0.00074
0.15,73,0.00102
0.15,74,0.00085
0.15,75,0.00096
0.15,76,0.00088
0.15,77,0.00086
0.15,78,0.00084
0.15,79,0.00082
0.15,80,0.00069
0.15,81,0.00075
0.15,82,0.00073
0.15,83,0.0008
0.15,84,0.00066
0.15,85,0.00064
0.15,86,0.00081
0.15,87,0.00076
0.15,88,0.00058
0.15,89,0.00052
0.15,90,0.00053
0.15,91,0.00055
0.15,92,0.00066
0.15,93,0.00064
0.15,94,0.00043
0.15,95,0.00044
0.15,96,0.00043
0.15,97,0.00063
0.15,98,0.00042
0.15,99,0.00048
0.15,100,0.00031
0.15,101,0.00052
0.15,102,0.00047
0.15,103,0.00039
0.15,104,0.00039
0.15,105,0.0004
0.15,106,0.00036
0.15,107,0.00037
0.15,108,0.00039
0.15,109,0.00041
0.15,110,0.00022
0.15,111,0.00032
0.15,112,0.00031
0.15,113,0.00027
0.15,114,0.00034
0.15,115,0.00031
0.15,116,0.00031
0.15,117,0.0003
0.15,118,0.00032
0.15,119,0.00036
0.15,120,0.00023
0.15,121,0.00031
0.15,122,0.0003
0.15,123,0.00027
0.15,124,0.00032
0.15,125,0.00025
0.15,126,0.00023
0.15,127,0.00025
0.15,128,0.00027
0.15,129,0.00022
0.15,130,0.0002
0.15,131,9e-05
0.15,132,0.00021
0.15,133,0.00022
0.15,134,0.00018
0.15,135,0.00021
0.15,136,0.00021
0.15,137,0.00015
0.15,138,0.00013
0.15,139,0.00015
0.15,140,0.00019
0.15,141,0.00018
0.15,142,0.00018
0.15,143,0.00017
0.15,144,0.00016
0.15,145,0.00014
0.15,146,0.00013
0.15,147,0.00015
0.15,148,0.00012
0.15,149,0.00015
0.15,150,0.00014
0.15,151,0.00016
0.15,152,5e-05
0.15,153,0.00015
0.15,154,0.0001
0.15,155,0.00016
0.15,156,0.00011
0.15,157,0.0001
0.15,158,0.00013
0.15,159,0.00011
0.15,160,8e-05
0.15,161,0.00011
0.15,162,0.00014
0.15,163,0.00013
0.15,164,6e-05
0.15,165,0.00011
0.15,166,9e-05
0.15,167,0.00011
0.15,168,0.00012
0.15,169,6e-05
0.15,170,3e-05
0.15,171,8e-05
0.15,172,4e-05
0.15,173,5e-05
0.15,174,5e-05
0.15,175,2e-05
0.15,176,4e-05
0.15,177,8e-05
0.15,178,8e-05
0.15,179,0.00015
0.15,180,8e-05
0.15,181,6e-05
0.15,182,9e-05
0.15,183,6e-05
0.15,184,6e-05
0.15,185,5e-05
0.15,186,6e-05
0.15,187,6e-05
0.15,188,2e-05
0.15,189,3e-05
0.15,190,4e-05
0.15,191,4e-05
0.15,192,8e-05
0.15,193,3e-05
0.15,194,5e-05
0.15,195,6e-05
0.15,196,7e-05
0.15,197,2e-05
0.15,198,5e-05
0.15,199,7e-05
0.15,200,4e-05
0.15,201,3e-05
0.15,202,3e-05
0.15,203,1e-05
0.15,204,3e-05
0.15,205,3e-05
0.15,206,1e-05
0.15,207,1e-05
0.15,208,3e-05
0.15,209,4e-05
0.15,210,4e-05
0.15,211,3e-05
0.15,212,3e-05
0.15,213,1e-05
0.15,214,1e-05
0.15,215,0
0.15,216,1e-05
0.15,217,2e-05
0.15,218,2e-05
0.15,219,4e-05
0.15,220,3e-05
0.15,221,0
0.15,222,3e-05
0.15,223,4e-05
0.15,224,2e-05
0.15,225,1e-05
0.15,226,4e-05
0.15,227,1e-05
0.15,228,1e-05
0.15,229,0
0.15,230,1e-05
0.15,231,4e-05
0.15,232,2e-05
0.15,233,0
0.15,234,2e-05
0.15,235,3e-05
0.15,236,1e-05
0.15,237,0
0.15,238,1e-05
0.15,239,0
0.15,240,1e-05
0.15,241,0
0.15,242,0
0.15,243,4e-05
0.15,244,1e-05
0.15,245,1e-05
0.15,246,1e-05
0.15,247,0
0.15,248,0
0.15,249,0
0.15,250,2e-05
0.15,251,3e-05
0.15,252,3e-05
0.15,253,3e-05
0.15,254,2e-05
0.15,255,1e-05
0.15,256,0
0.15,257,0
0.15,258,0
0.15,259,2e-05
0.15,260,0
0.15,261,0
0.15,262,0
0.15,263,1e-05
0.15,264,0
0.15,265,2e-05
0.15,266,2e-05
0.15,267,1e-05
0.15,268,0
0.15,269,0
0.15,270,1e-05
0.15,271,0
0.15,272,0
0.15,273,0
0.15,274,2e-05
0.15,275,0
0.15,276,1e-05
0.15,277,0
0.15,278,0
0.15,279,0
0.15,280,0
0.15,281,1e-05
0.15,282,1e-05
0.15,283,1e-05
0.15,284,0
0.15,285,0
0.15,286,0
0.15,287,1e-05
0.15,288,1e-05
0.15,289,0
0.15,290,1e-05
0.15,291,3e-05
0.15,292,0
0.15,293,1e-05
0.15,294,0
0.15,295,1e-05
0.15,296,0
0.15,297,1e-05
0.15,298,0
0.15,299,0
0.15,300,0
0.15,301,1e-05
0.15,302,0
0.15,303,0
0.15,304,0
0.15,305,1e-05
0.15,306,0
0.15,307,0
0.15,308,0
0.15,309,0
0.15,310,1e-05
0.15,311,0
0.15,312,0
0.15,313,0
0.15,314,0
0.15,315,1e-05
0.15,316,0
0.15,317,0
0.15,318,0
0.15,319,0
0.15,320,0
0.15,321,0
0.15,322,0
0.15,323,0
0.15,324,0
0.15,325,0
0.15,326,0
0.15,327,0
0.15,328,0
0.15,329,0
0.15,330,0
0.15,331,0
0.15,332,0
0.15,333,0
0.15,334,0
0.15,335,0
0.15,336,0
0.15,337,0
0.15,338,0
0.15,339,0
0.15,340,0
0.15,341,0
0.15,342,0
0.15,343,0
0.15,344,0
0.15,345,0
0.15,346,0
0.15,347,0
0.15,348,0
0.15,349,0
0.15,350,0
0.15,351,0
0.15,352,1e-05
0.15,353,0
0.15,354,0
0.15,355,0
0.15,356,0
0.15,357,0
0.15,358,0
0.15,359,0
0.15,360,0
0.15,361,0
0.15,362,0
0.15,363,0
0.15,364,0
0.15,365,0
0.15,366,0
0.15,367,0
0.15,368,0
0.15,369,0
0.15,370,0
0.15,371,0
0.15,372,0
0.15,373,0
0.15,374,0
0.15,375,0
0.15,376,0
0.15,377,0
0.15,378,0
0.15,379,0
0.15,380,0
0.15,381,0
0.15,382,0
0.15,383,0
0.15,384,0
0.15,385,0
0.15,386,0
0.15,387,0
0.15,388,0
0.15,389,0
0.15,390,0
0.15,391,0
0.15,392,0
0.15,393,0
0.15,394,0
0.15,395,0
0.15,396,0
0.15,397,0
0.15,398,0
0.15,399,0
0.15,400,0
0.15,401,0
0.15,402,0
0.15,403,1e-05
0.15,404,0
0.15,405,0
0.15,406,0
0.15,407,0
0.15,408,0
0.15,409,0
0.15,410,0
0.15,411,0
0.15,412,0
0.15,413,0
0.15,414,0
0.15,415,0
0.15,416,0
0.15,417,0
0.15,418,0
0.15,419,0
0.15,420,0
0.15,421,0
0.15,422,0
0.15,423,0
0.15,424,0
0.15,425,0
0.15,426,0
0.15,427,0
0.15,428,0
0.15,429,0
0.15,430,0
0.15,431,0
0.15,432,0
0.15,433,0
0.15,434,0
0.15,435,0
0.15,436,0
0.15,437,0
0.15,438,0
0.15,439,0
0.15,440,0
0.15,441,0
0.15,442,0
0.15,443,0
0.15,444,0
0.15,445,0
0.15,446,0
0.15,447,0
0.15,448,0
0.15,449,0
0.15,450,0
0.15,451,0
0.15,452,0
0.15,453,0
0.15,454,0
0.15,455,0
0.15,456,0
0.15,457,0
0.15,458,0
0.15,459,0
0.15,460,0
0.15,461,0
0.15,462,0
0.15,463,0
0.15,464,0
0.15,465,0
0.15,466,0
0.15,467,0
0.15,468,0
0.15,469,0
0.15,470,0
0.15,471,0
0.15,472,0
0.15,473,0
0.15,474,0
0.15,475,0
0.15,476,0
0.15,477,0
0.15,478,1e-05
0.15,479,0
0.15,480,0
0.15,481,0
0.15,482,0
0.15,483,0
0.15,484,0
0.15,485,0
0.15,486,0
0.15,487,0
0.15,488,0
0.15,489,0
0.15,490,0
0.15,491,0
0.15,492,0
0.15,493,0
0.15,494,0
0.15,495,0
0.15,496,0
0.15,497,0
0.15,498,0
0.15,499,0
0.15,500,0
0.2,0,0.00604
0.2,1,0.06862
0.2,2,0.04425
0.2,3,0.02935
0.2,4,0.02157
0.2,5,0.01669
0.2,6,0.01357
0.2,7,0.01113
0.2,8,0.00992
0.2,9,0.00967
0.2,10,0.0083
0.2,11,0.00823
0.2,12,0.00666
0.2,13,0.00741
0.2,14,0.00634
0.2,15,0.00607
0.2,16,0.00612
0.2,17,0.00553
0.2,18,0.00521
0.2,19,0.00534
0.2,20,0.00473
0.2,21,0.0048
0.2,22,0.00438
0.2,23,0.00404
0.2,24,0.00387
0.2,25,0.00398
0.2,26,0.00348
0.2,27,0.0036
0.2,28,0.00382
0.2,29,0.00333
0.2,30,0.00298
0.2,31,0.00318
0.2,32,0.00312
0.2,33,0.00287
0.2,34,0.0028
0.2,35,0.00302
0.2,36,0.00255
0.2,37,0.00238
0.2,38,0.00222
0.2,39,0.00228
0.2,40,0.00216
0.2,41,0.00208
0.2,42,0.00179
0.2,43,0.00163
0.2,44,0.00163
0.2,45,0.00162
0.2,46,0.00146
0.2,47,0.00155
0.2,48,0.00163
0.2,49,0.00161
0.2,50,0.00163
0.2,51,0.00154
0.2,52,0.00135
0.2,53,0.0012
0.2,54,0.00102
0.2,55,0.00117
0.2,56,0.00136
0.2,57,0.00118
0.2,58,0.00106
0.2,59,0.00101
0.2,60,0.00098
0.2,61,0.00105
0.2,62,0.00092
0.2,63,0.00087
0.2,64,0.00089
0.2,65,0.00077
0.2,66,0.00077
0.2,67,0.00078
0.2,68,0.00083
0.2,69,0.0008
0.2,70,0.00098
0.2,71,0.00065
0.2,72,0.00081
0.2,73,0.00072
0.2,74,0.00062
0.2,75,0.00068
0.2,76,0.00053
0.2,77,0.00053
0.2,78,0.00055
0.2,79,0.00031
0.2,80,0.00066
0.2,81,0.00053
0.2,82,0.00037
0.2,83,0.00038
0.2,84,0.00036
0.2,85,0.00033
0.2,86,0.00042
0.2,87,0.00054
0.2,88,0.00027
0.2,89,0.00031
0.2,90,0.00042
0.2,91,0.00038
0.2,92,0.00036
0.2,93,0.00023
0.2,94,0.00028
0.2,95,0.00044
0.2,96,0.0003
0.2,97,0.00041
0.2,98,0.00037
0.2,99,0.00027
0.2,100,0.00029
0.2,101,0.00026
0.2,102,0.00017
0.2,103,0.00032
0.2,104,0.00023
0.2,105,0.00022
0.2,106,0.00025
0.2,107,0.0002
0.2,108,0.00015
0.2,109,0.00029
0.2,110,0.00021
0.2,111,0.00017
0.2,112,0.00027
0.2,113,0.00014
0.2,114,0.00018
0.2,115,0.00011
0.2,116,0.0002
0.2,117,0.00022
0.2,118,0.00015
0.2,119,0.00016
0.2,120,0.00015
0.2,121,0.00011
0.2,122,0.00011
0.2,123,0.00018
0.2,124,0.00014
0.2,125,0.00016
0.2,126,6e-05
0.2,127,0.00012
0.2,128,8e-05
0.2,129,0.0001
0.2,130,0.00012
0.2,131,7e-05
0.2,132,9e-05
0.2,133,0.0001
0.2,134,6e-05
0.2,135,7e-05
0.2,136,9e-05
0.2,137,6e-05
0.2,138,7e-05
0.2,139,8e-05
0.2,140,7e-05
0.2,141,3e-05
0.2,142,5e-05
0.2,143,4e-05
0.2,144,2e-05
0.2,145,5e-05
0.2,146,0.00012
0.2,147,4e-05
0.2,148,4e-05
0.2,149,6e-05
0.2,150,2e-05
0.2,151,2e-05
0.2,152,5e-05
0.2,153,3e-05
0.2,154,6e-05
0.2,155,5e-05
0.2,156,5e-05
0.2,157,7e-05
0.2,158,8e-05
0.2,159,6e-05
0.2,160,3e-05
0.2,161,2e-05
0.2,162,2e-05
0.2,163,2e-05
0.2,164,4e-05
0.2,165,4e-05
0.2,166,2e-05
0.2,167,1e-05
0.2,168,2e-05
0.2,169,3e-05
0.2,170,2e-05
0.2,171,2e-05
0.2,172,2e-05
0.2,173,3e-05
0.2,174,1e-05
0.2,175,1e-05
0.2,176,1e-05
0.2,177,3e-05
0.2,178,2e-05
0.2,179,3e-05
0.2,180,3e-05
0.2,181,0
0.2,182,1e-05
0.2,183,3e-05
0.2,184,0
0.2,185,0
0.2,186,1e-05
0.2,187,2e-05
0.2,188,3e-05
0.2,189,2e-05
0.2,190,1e-05
0.2,191,3e-05
0.2,192,1e-05
0.2,193,1e-05
0.2,194,0
0.2,195,0
0.2,196,2e-05
0.2,197,1e-05
0.2,198,0
0.2,199,4e-05
0.2,200,1e-05
0.2,201,0
0.2,202,1e-05
0.2,203,1e-05
0.2,204,3e-05
0.2,205,0
0.2,206,3e-05
0.2,207,0
0.2,208,1e-05
0.2,209,1e-05
0.2,210,0
0.2,211,0
0.2,212,0
0.2,213,1e-05
0.2,214,0
0.2,215,0
0.2,216,3e-05
0.2,217,2e-05
0.2,218,1e-05
0.2,219,1e-05
0.2,220,1e-05
0.2,221,0
0.2,222,0
0.2,223,0
0.2,224,0
0.2,225,1e-05
0.2,226,1e-05
0.2,227,1e-05
0.2,228,0
0.2,229,1e-05
0.2,230,2e-05
0.2,231,0
0.2,232,0
0.2,233,0
0.2,234,2e-05
0.2,235,0
0.2,236,0
0.2,237,1e-05
0.2,238,0
0.2,239,0
0.2,240,0
0.2,241,0
0.2,242,0
0.2,243,0
0.2,244,0
0.2,245,0
0.2,246,0
0.2,247,0
0.2,248,0
0.2,249,0
0.2,250,1e-05
0.2,251,1e-05
0.2,252,0
0.2,253,0
0.2,254,0
0.2,255,0
0.2,256,0
0.2,257,0
0.2,258,1e-05
0.2,259,0
0.2,260,1e-05
0.2,261,0
0.2,262,0
0.2,263,0
0.2,264,0
0.2,265,0
0.2,266,0
0.2,267,0
0.2,268,0
0.2,269,0
0.2,270,0
0.2,271,1e-05
0.2,272,0
0.2,273,0
0.2,274,0
0.2,275,0
0.2,276,0
0.2,277,0
0.2,278,0
0.2,279,0
0.2,280,0
0.2,281,0
0.2,282,0
0.2,283,0
0.2,284,0
0.2,285,0
0.2,286,0
0.2,287,0
0.2,288,0
0.2,289,0
0.2,290,0
0.2,291,0
0.2,292,1e-05
0.2,293,0
0.2,294,0
0.2,295,0
0.2,296,0
0.2,297,0
0.2,298,0
0.2,299,0
0.2,300,0
0.2,301,0
0.2,302,1e-05
0.2,303,0
0.2,304,0
0.2,305,0
0.2,306,1e-05
0.2,307,0
0.2,308,0
0.2,309,0
0.2,310,0
0.2,311,0
0.2,312,0
0.2,313,0
0.2,314,0
0.2,315,0
0.2,316,0
0.2,317,0
0.2,318,0
0.2,319,0
0.2,320,0
0.2,321,0
0.2,322,0
0.2,323,0
0.2,324,0
0.2,325,0
0.2,326,0
0.2,327,0
0.2,328,0
0.2,329,0
0.2,330,0
0.2,331,0
0.2,332,0
0.2,333,0
0.2,334,0
0.2,335,0
0.2,336,0
0.2,337,0
0.2,338,0
0.2,339,0
0.2,340,0
0.2,341,0
0.2,342,0
0.2,343,0
0.2,344,0
0.2,345,0
0.2,346,0
0.2,347,0
0.2,348,0
0.2,349,0
0.2,350,0
0.2,351,0
0.2,352,0
0.2,353,0
0.2,354,0
0.2,355,0
0.2,356,0
0.2,357,0
0.2,358,0
0.2,359,0
0.2,360,0
0.2,361,0
0.2,362,0
0.2,363,0
0.2,364,0
0.2,365,0
0.2,366,0
0.2,367,0
0.2,368,0
0.2,369,0
0.2,370,0
0.2,371,0
0.2,372,0
0.2,373,0
0.2,374,0
0.2,375,0
0.2,376,0
0.2,377,0
0.2,378,0
0.2,379,0
0.2,380,0
0.2,381,0
0.2,382,0
0.2,383,0
0.2,384,0
0.2,385,0
0.2,386,0
0.2,387,0
0.2,388,0
0.2,389,0
0.2,390,0
0.2,391,0
0.2,392,0
0.2,393,0
0.2,394,0
0.2,395,0
0.2,396,0
0.2,397,0
0.2,398,0
0.2,399,0
0.2,400,0
0.2,401,0
0.2,402,0
0.2,403,0
0.2,404,0
0.2,405,0
0.2,406,0
0.2,407,0
0.2,408,0
0.2,409,0
0.2,410,0
0.2,411,0
0.2,412,0
0.2,413,0
0.2,414,0
0.2,415,0
0.2,416,0
0.2,417,0
0.2,418,0
0.2,419,0
0.2,420,0
0.2,421,0
0.2,422,0
0.2,423,0
0.2,424,0
0.2,425,0
0.2,426,0
0.2,427,0
0.2,428,0
0.2,429,0
0.2,430,0
0.2,431,0
0.2,432,0
0.2,433,0
0.2,434,0
0.2,435,0
0.2,436,0
0.2,437,0
0.2,438,0
0.2,439,0
0.2,440,0
0.2,441,0
0.2,442,0
0.2,443,0
0.2,444,0
0.2,445,0
0.2,446,0
0.2,447,0
0.2,448,0
0.2,449,0
0.2,450,0
0.2,451,0
0.2,452,0
0.2,453,0
0.2,454,0
0.2,455,0
0.2,456,0
0.2,457,0
0.2,458,0
0.2,459,0
0.2,460,0
0.2,461,0
0.2,462,0
0.2,463,0
0.2,464,0
0.2,465,0
0.2,466,0
0.2,467,0
0.2,468,0
0.2,469,0
0.2,470,0
0.2,471,0
0.2,472,0
0.2,473,0
0.2,474,0
0.2,475,0
0.2,476,0
0.2,477,0
0.2,478,0
0.2,479,0
0.2,480,0
0.2,481,0
0.2,482,0
0.2,483,0
0.2,484,0
0.2,485,0
0.2,486,0
0.2,487,0
0.2,488,0
0.2,489,0
0.2,490,0
0.2,491,0
0.2,492,0
0.2,493,0
0.2,494,0
0.2,495,0
0.2,496,0
0.2,497,0
0.2,498,0
0.2,499,0
0.2,500,0
0.25,0,0.00519
0.25,1,0.0671
0.25,2,0.03968
0.25,3,0.0252
0.25,4,0.01893
0.25,5,0.01452
0.25,6,0.01285
0.25,7,0.0112
0.25,8,0.01034
0.25,9,0.0098
0.25,10,0.00875
0.25,11,0.00829
0.25,12,0.00786
0.25,13,0.00695
0.25,14,0.00699
0.25,15,0.0064
0.25,16,0.00594
0.25,17,0.0057
0.25,18,0.00571
0.25,19,0.00515
0.25,20,0.00453
0.25,21,0.00438
0.25,22,0.00422
0.25,23,0.00395
0.25,24,0.00408
0.25,25,0.0037
0.25,26,0.00353
0.25,27,0.0034
0.25,28,0.00346
0.25,29,0.00296
0.25,30,0.00283
0.25,31,0.00269
0.25,32,0.00248
0.25,33,0.00273
0.25,34,0.00235
0.25,35,0.0024
0.25,36,0.00215
0.25,37,0.00196
0.25,38,0.00201
0.25,39,0.00195
0.25,40,0.00176
0.25,41,0.00168
0.25,42,0.00153
0.25,43,0.00152
0.25,44,0.00166
0.25,45,0.0014
0.25,46,0.00155
0.25,47,0.00144
0.25,48,0.00123
0.25,49,0.00124
0.25,50,0.00129
0.25,51,0.00122
0.25,52,0.00114
0.25,53,0.00099
0.25,54,0.00109
0.25,55,0.00094
0.25,56,0.00087
0.25,57,0.00083
0.25,58,0.00058
0.25,59,0.0009
0.25,60,0.00076
0.25,61,0.0008
0.25,62,0.00062
0.25,63,0.00054
0.25,64,0.00053
0.25,65,0.00051
0.25,66,0.00054
0.25,67,0.00043
0.25,68,0.00075
0.25,69,0.00055
0.25,70,0.00057
0.25,71,0.00044
0.25,72,0.00039
0.25,73,0.00049
0.25,74,0.00047
0.25,75,0.00043
0.25,76,0.0003
0.25,77,0.00039
0.25,78,0.00034
0.25,79,0.00038
0.25,80,0.00039
0.25,81,0.0003
0.25,82,0.0004
0.25,83,0.00028
0.25,84,0.00017
0.25,85,0.00037
0.25,86,0.00035
0.25,87,0.00021
0.25,88,0.0002
0.25,89,0.00015
0.25,90,0.00017
0.25,91,0.00023
0.25,92,0.00028
0.25,93,0.00016
0.25,94,0.00017
0.25,95,0.00024
0.25,96,0.00014
0.25,97,0.0002
0.25,98,0.00015
0.25,99,0.00018
0.25,100,0.00014
0.25,101,0.0002
0.25,102,0.00012
0.25,103,0.00013
0.25,104,0.00018
0.25,105,7e-05
0.25,106,0.00012
0.25,107,0.00016
0.25,108,0.00012
0.25,109,0.0001
0.25,110,0.0001
0.25,111,0.00016
0.25,112,0.0001
0.25,113,3e-05
0.25,114,5e-05
0.25,115,6e-05
0.25,116,7e-05
0.25,117,0.00011
0.25,118,0.0001
0.25,119,5e-05
0.25,120,9e-05
0.25,121,7e-05
0.25,122,3e-05
0.25,123,7e-05
0.25,124,9e-05
0.25,125,5e-05
0.25,126,5e-05
0.25,127,6e-05
0.25,128,5e-05
0.25,129,3e-05
0.25,130,3e-05
0.25,131,3e-05
0.25,132,4e-05
0.25,133,1e-05
0.25,134,2e-05
0.25,135,5e-05
0.25,136,1e-05
0.25,137,9e-05
0.25,138,1e-05
0.25,139,3e-05
0.25,140,2e-05
0.25,141,3e-05
0.25,142,2e-05
0.25,143,1e-05
0.25,144,3e-05
0.25,145,4e-05
0.25,146,4e-05
0.25,147,2e-05
0.25,148,1e-05
0.25,149,4e-05
0.25,150,0
0.25,151,1e-05
0.25,152,2e-05
0.25,153,3e-05
0.25,154,0
0.25,155,3e-05
0.25,156,0
0.25,157,1e-05
0.25,158,1e-05
0.25,159,1e-05
0.25,160,3e-05
0.25,161,0
0.25,162,1e-05
0.25,163,2e-05
0.25,164,1e-05
0.25,165,0
0.25,166,0
0.25,167,0
0.25,168,2e-05
0.25,169,0
0.25,170,1e-05
0.25,171,0
0.25,172,2e-05
0.25,173,2e-05
0.25,174,1e-05
0.25,175,2e-05
0.25,176,1e-05
0.25,177,1e-05
0.25,178,1e-05
0.25,179,0
0.25,180,0
0.25,181,0
0.25,182,1e-05
0.25,183,0
0.25,184,0
0.25,185,2e-05
0.25,186,0
0.25,187,1e-05
0.25,188,0
0.25,189,1e-05
0.25,190,0
0.25,191,2e-05
0.25,192,0
0.25,193,0
0.25,194,0
0.25,195,0
0.25,196,1e-05
0.25,197,0
0.25,198,0
0.25,199,0
0.25,200,0
0.25,201,2e-05
0.25,202,0
0.25,203,0
0.25,204,0
0.25,205,0
0.25,206,0
0.25,207,1e-05
0.25,208,3e-05
0.25,209,0
0.25,210,0
0.25,211,0
0.25,212,0
0.25,213,0
0.25,214,0
0.25,215,0
0.25,216,0
0.25,217,0
0.25,218,0
0.25,219,0
0.25,220,1e-05
0.25,221,0
0.25,222,0
0.25,223,0
0.25,224,0
0.25,225,0
0.25,226,1e-05
0.25,227,0
0.25,228,0
0.25,229,0
0.25,230,0
0.25,231,0
0.25,232,0
0.25,233,0
0.25,234,0
0.25,235,0
0.25,236,0
0.25,237,0
0.25,238,0
0.25,239,0
0.25,240,1e-05
0.25,241,0
0.25,242,0
0.25,243,0
0.25,244,0
0.25,245,0
0.25,246,0
0.25,247,0
0.25,248,0
0.25,249,0
0.25,250,0
0.25,251,0
0.25,252,0
0.25,253,0
0.25,254,0
0.25,255,0
0.25,256,0
0.25,257,0
0.25,258,0
0.25,259,0
0.25,260,0
0.25,261,0
0.25,262,0
0.25,263,0
0.25,264,1e-05
0.25,265,0
0.25,266,0
0.25,267,0
0.25,268,0
0.25,269,0
0.25,270,0
0.25,271,0
0.25,272,0
0.25,273,0
0.25,274,0
0.25,275,0
0.25,276,0
0.25,277,0
0.25,278,0
0.25,279,0
0.25,280,0
0.25,281,0
0.25,282,0
0.25,283,0
0.25,284,0
0.25,285,0
0.25,286,0
0.25,287,0
0.25,288,0
0.25,289,0
0.25,290,0
0.25,291,1e-05
0.25,292,0
0.25,293,0
0.25,294,0
0.25,295,0
0.25,296,0
0.25,297,0
0.25,298,0
0.25,299,0
0.25,300,0
0.25,301,0
0.25,302,0
0.25,303,0
0.25,304,0
0.25,305,0
0.25,306,0
0.25,307,0
0.25,308,0
0.25,309,0
0.25,310,0
0.25,311,0
0.25,312,0
0.25,313,0
0.25,314,0
0.25,315,0
0.25,316,0
0.25,317,0
0.25,318,0
0.25,319,0
0.25,320,0
0.25,321,0
0.25,322,0
0.25,323,0
0.25,324,0
0.25,325,0
0.25,326,0
0.25,327,0
0.25,328,0
0.25,329,0
0.25,330,0
0.25,331,0
0.25,332,0
0.25,333,0
0.25,334,0
0.25,335,0
0.25,336,0
0.25,337,0
0.25,338,0
0.25,339,0
0.25,340,0
0.25,341,0
0.25,342,0
0.25,343,0
0.25,344,0
0.25,345,0
0.25,346,0
0.25,347,0
0.25,348,0
0.25,349,0
0.25,350,0
0.25,351,0
0.25,352,0
0.25,353,0
0.25,354,0
0.25,355,0
0.25,356,0
0.25,357,0
0.25,358,0
0.25,359,0
0.25,360,0
0.25,361,0
0.25,362,0
0.25,363,0
0.25,364,0
0.25,365,0
0.25,366,0
0.25,367,0
0.25,368,0
0.25,369,0
0.25,370,0
0.25,371,0
0.25,372,0
0.25,373,0
0.25,374,0
0.25,375,0
0.25,376,0
0.25,377,0
0.25,378,0
0.25,379,0
0.25,380,0
0.25,381,0
0.25,382,0
0.25,383,0
0.25,384,0
0.25,385,0
0.25,386,0
0.25,387,0
0.25,388,0
0.25,389,0
0.25,390,0
0.25,391,0
0.25,392,0
0.25,393,0
0.25,394,0
0.25,395,0
0.25,396,0
0.25,397,0
0.25,398,0
0.25,399,0
0.25,400,0
0.25,401,0
0.25,402,0
0.25,403,0
0.25,404,0
0.25,405,0
0.25,406,0
0.25,407,0
0.25,408,0
0.25,409,0
0.25,410,0
0.25,411,0
0.25,412,0
0.25,413,0
0.25,414,0
0.25,415,0
0.25,416,0
0.25,417,0
0.25,418,0
0.25,419,0
0.25,420,0
0.25,421,0
0.25,422,0
0.25,423,0
0.25,424,0
0.25,425,0
0.25,426,0
0.25,427,0
0.25,428,0
0.25,429,0
0.25,430,0
0.25,431,0
0.25,432,0
0.25,433,0
0.25,434,0
0.25,435,0
0.25,436,0
0.25,437,0
0.25,438,0
0.25,439,0
0.25,440,0
0.25,441,0
0.25,442,0
0.25,443,0
0.25,444,0
0.25,445,0
0.25,446,0
0.25,447,0
0.25,448,0
0.25,449,0
0.25,450,0
0.25,451,0
0.25,452,0
0.25,453,0
0.25,454,0
0.25,455,0
0.25,456,0
0.25,457,0
0.25,458,0
0.25,459,0
0.25,460,0
0.25,461,0
0.25,462,0
0.25,463,0
0.25,464,0
0.25,465,0
0.25,466,0
0.25,467,0
0.25,468,0
0.25,469,0
0.25,470,0
0.25,471,0
0.25,472,0
0.25,473,0
0.25,474,0
0.25,475,0
0.25,476,0
0.25,477,0
0.25,478,0
0.25,479,0
0.25,480,0
0.25,481,0
0.25,482,0
0.25,483,0
0.25,484,0
0.25,485,0
0.25,486,0
0.25,487,0
0.25,488,0
0.25,489,0
0.25,490,0
0.25,491,0
0.25,492,0
0.25,493,0
0.25,494,0
0.25,495,0
0.25,496,0
0.25,497,0
0.25,498,0
0.25,499,0
0.25,500,0
0.3,0,0.00398
0.3,1,0.06262
0.3,2,0.03391
0.3,3,0.02211
0.3,4,0.01728
0.3,5,0.01527
0.3,6,0.01273
0.3,7,0.01193
0.3,8,0.01063
0.3,9,0.01042
0.3,10,0.00898
0.3,11,0.0086
0.3,12,0.00795
0.3,13,0.00743
0.3,14,0.00704
0.3,15,0.00696
0.3,16,0.00592
0.3,17,0.00545
0.3,18,0.00555
0.3,19,0.00485
0.3,20,0.00485
0.3,21,0.00452
0.3,22,0.00397
0.3,23,0.0038
0.3,24,0.00362
0.3,25,0.00367
0.3,26,0.00304
0.3,27,0.00321
0.3,28,0.00288
0.3,29,0.00303
0.3,30,0.00252
0.3,31,0.00244
0.3,32,0.00197
0.3,33,0.0022
0.3,34,0.00224
0.3,35,0.00178
0.3,36,0.00203
0.3,37,0.0017
0.3,38,0.00163
0.3,39,0.00144
0.3,40,0.00157
0.3,41,0.00127
0.3,42,0.00141
0.3,43,0.00113
0.3,44,0.0011
0.3,45,0.00118
0.3,46,0.00102
0.3,47,0.00119
0.3,48,0.00093
0.3,49,0.00091
0.3,50,0.00114
0.3,51,0.00084
0.3,52,0.00088
0.3,53,0.00092
0.3,54,0.00072
0.3,55,0.00072
0.3,56,0.00077
0.3,57,0.00071
0.3,58,0.00069
0.3,59,0.00044
0.3,60,0.00053
0.3,61,0.00051
0.3,62,0.00044
0.3,63,0.00045
0.3,64,0.00043
0.3,65,0.00046
0.3,66,0.00043
0.3,67,0.00045
0.3,68,0.00036
0.3,69,0.0004
0.3,70,0.00044
0.3,71,0.00039
0.3,72,0.00037
0.3,73,0.00034
0.3,74,0.00036
0.3,75,0.00027
0.3,76,0.00028
0.3,77,0.00037
0.3,78,0.0002
0.3,79,0.00023
0.3,80,0.00018
0.3,81,0.00016
0.3,82,0.00018
0.3,83,0.00017
0.3,84,0.00023
0.3,85,0.00019
0.3,86,0.00024
0.3,87,0.00015
0.3,88,0.00018
0.3,89,6e-05
0.3,90,0.00015
0.3,91,0.00012
0.3,92,9e-05
0.3,93,0.00011
0.3,94,0.00012
0.3,95,8e-05
0.3,96,0.00014
0.3,97,0.00012
0.3,98,0.00016
0.3,99,5e-05
0.3,100,0.00015
0.3,101,7e-05
0.3,102,6e-05
0.3,103,5e-05
0.3,104,3e-05
0.3,105,7e-05
0.3,106,7e-05
0.3,107,0.00011
0.3,108,0.00012
0.3,109,0.0001
0.3,110,4e-05
0.3,111,7e-05
0.3,112,6e-05
0.3,113,6e-05
0.3,114,8e-05
0.3,115,5e-05
0.3,116,0
0.3,117,4e-05
0.3,118,3e-05
0.3,119,2e-05
0.3,120,6e-05
0.3,121,4e-05
0.3,122,2e-05
0.3,123,2e-05
0.3,124,3e-05
0.3,125,3e-05
0.3,126,6e-05
0.3,127,4e-05
0.3,128,1e-05
0.3,129,4e-05
0.3,130,0
0.3,131,1e-05
0.3,132,1e-05
0.3,133,3e-05
0.3,134,3e-05
0.3,135,1e-05
0.3,136,0
0.3,137,0
0.3,138,2e-05
0.3,139,4e-05
0.3,140,0
0.3,141,3e-05
0.3,142,1e-05
0.3,143,1e-05
0.3,144,5e-05
0.3,145,1e-05
0.3,146,3e-05
0.3,147,0
0.3,148,0
0.3,149,0
0.3,150,1e-05
0.3,151,0
0.3,152,2e-05
0.3,153,0
0.3,154,1e-05
0.3,155,1e-05
0.3,156,1e-05
0.3,157,1e-05
0.3,158,0
0.3,159,0
0.3,160,1e-05
0.3,161,1e-05
0.3,162,0
0.3,163,0
0.3,164,0
0.3,165,1e-05
0.3,166,0
0.3,167,0
0.3,168,1e-05
0.3,169,0
0.3,170,1e-05
0.3,171,0
0.3,172,1e-05
0.3,173,0
0.3,174,0
0.3,175,0
0.3,176,0
0.3,177,0
0.3,178,0
0.3,179,0
0.3,180,0
0.3,181,2e-05
0.3,182,0
0.3,183,0
0.3,184,0
0.3,185,0
0.3,186,0
0.3,187,0
0.3,188,0
0.3,189,0
0.3,190,0
0.3,191,0
0.3,192,0
0.3,193,0
0.3,194,0
0.3,195,0
0.3,196,0
0.3,197,0
0.3,198,0
0.3,199,0
0.3,200,0
0.3,201,0
0.3,202,0
0.3,203,0
0.3,204,0
0.3,205,0
0.3,206,0
0.3,207,1e-05
0.3,208,0
0.3,209,0
0.3,210,0
0.3,211,0
0.3,212,0
0.3,213,0
0.3,214,0
0.3,215,0
0.3,216,0
0.3,217,1e-05
0.3,218,0
0.3,219,0
0.3,220,1e-05
0.3,221,1e-05
0.3,222,0
0.3,223,0
0.3,224,0
0.3,225,0
0.3,226,0
0.3,227,0
0.3,228,0
0.3,229,0
0.3,230,0
0.3,231,0
0.3,232,0
0.3,233,0
0.3,234,0
0.3,235,0
0.3,236,0
0.3,237,0
0.3,238,0
0.3,239,0
0.3,240,0
0.3,241,0
0.3,242,0
0.3,243,0
0.3,244,0
0.3,245,0
0.3,246,0
0.3,247,0
0.3,248,2e-05
0.3,249,0
0.3,250,0
0.3,251,0
0.3,252,0
0.3,253,0
0.3,254,0
0.3,255,0
0.3,256,0
0.3,257,0
0.3,258,0
0.3,259,0
0.3,260,0
0.3,261,0
0.3,262,0
0.3,263,0
0.3,264,0
0.3,265,0
0.3,266,0
0.3,267,0
0.3,268,0
0.3,269,0
0.3,270,0
0.3,271,0
0.3,272,0
0.3,273,0
0.3,274,0
0.3,275,0
0.3,276,0
0.3,277,0
0.3,278,0
0.3,279,0
0.3,280,0
0.3,281,0
0.3,282,0
0.3,283,0
0.3,284,0
0.3,285,0
0.3,286,0
0.3,287,0
0.3,288,0
0.3,289,0
0.3,290,0
0.3,291,0
0.3,292,0
0.3,293,0
0.3,294,0
0.3,295,0
0.3,296,0
0.3,297,0
0.3,298,0
0.3,299,0
0.3,300,0
0.3,301,0
0.3,302,0
0.3,303,0
0.3,304,0
0.3,305,0
0.3,306,0
0.3,307,0
0.3,308,0
0.3,309,0
0.3,310,0
0.3,311,0
0.3,312,0
0.3,313,0
0.3,314,0
0.3,315,0
0.3,316,0
0.3,317,0
0.3,318,0
0.3,319,0
0.3,320,0
0.3,321,0
0.3,322,0
0.3,323,0
0.3,324,0
0.3,325,0
0.3,326,0
0.3,327,0
0.3,328,0
0.3,329,0
0.3,330,0
0.3,331,0
0.3,332,0
0.3,333,0
0.3,334,0
0.3,335,0
0.3,336,0
0.3,337,0
0.3,338,0
0.3,339,0
0.3,340,0
0.3,341,0
0.3,342,0
0.3,343,0
0.3,344,0
0.3,345,0
0.3,346,0
0.3,347,0
0.3,348,0
0.3,349,0
0.3,350,0
0.3,351,0
0.3,352,0
0.3,353,0
0.3,354,0
0.3,355,0
0.3,356,0
0.3,357,0
0.3,358,0
0.3,359,0
0.3,360,0
0.3,361,0
0.3,362,0
0.3,363,0
0.3,364,0
0.3,365,0
0.3,366,0
0.3,367,0
0.3,368,0
0.3,369,0
0.3,370,0
0.3,371,0
0.3,372,0
0.3,373,0
0.3,374,0
0.3,375,0
0.3,376,0
0.3,377,0
0.3,378,0
0.3,379,0
0.3,380,0
0.3,381,0
0.3,382,0
0.3,383,0
0.3,384,0
0.3,385,0
0.3,386,0
0.3,387,0
0.3,388,0
0.3,389,0
0.3,390,0
0.3,391,0
0.3,392,0
0.3,393,0
0.3,394,0
0.3,395,0
0.3,396,0
0.3,397,0
0.3,398,0
0.3,399,0
0.3,400,0
0.3,401,0
0.3,402,0
0.3,403,0
0.3,404,0
0.3,405,0
0.3,406,0
0.3,407,0
0.3,408,0
0.3,409,0
0.3,410,0
0.3,411,0
0.3,412,0
0.3,413,0
0.3,414,0
0.3,415,0
0.3,416,0
0.3,417,0
0.3,418,0
0.3,419,0
0.3,420,0
0.3,421,0
0.3,422,0
0.3,423,0
0.3,424,0
0.3,425,0
0.3,426,0
0.3,427,0
0.3,428,0
0.3,429,0
0.3,430,0
0.3,431,0
0.3,432,0
0.3,433,0
0.3,434,0
0.3,435,0
0.3,436,0
0.3,437,0
0.3,438,0
0.3,439,0
0.3,440,0
0.3,441,0
0.3,442,0
0.3,443,0
0.3,444,0
0.3,445,0
0.3,446,0
0.3,447,0
0.3,448,0
0.3,449,0
0.3,450,0
0.3,451,0
0.3,452,0
0.3,453,0
0.3,454,0
0.3,455,0
0.3,456,0
0.3,457,0
0.3,458,0
0.3,459,0
0.3,460,0
0.3,461,0
0.3,462,0
0.3,463,0
0.3,464,0
0.3,465,0
0.3,466,0
0.3,467,0
0.3,468,0
0.3,469,0
0.3,470,0
0.3,471,0
0.3,472,0
0.3,473,0
0.3,474,0
0.3,475,0
0.3,476,0
0.3,477,0
0.3,478,0
0.3,479,0
0.3,480,0
0.3,481,0
0.3,482,0
0.3,483,0
0.3,484,0
0.3,485,0
0.3,486,0
0.3,487,0
0.3,488,0
0.3,489,0
0.3,490,0
0.3,491,0
0.3,492,0
0.3,493,0
0.3,494,0
0.3,495,0
0.3,496,0
0.3,497,0
0.3,498,0
0.3,499,0
0.3,500,0
0.35,0,0.00345
0.35,1,0.05378
0.35,2,0.02862
0.35,3,0.02188
0.35,4,0.01777
0.35,5,0.016
0.35,6,0.01348
0.35,7,0.01272
0.35,8,0.01129
0.35,9,0.01025
0.35,10,0.00983
0.35,11,0.00908
0.35,12,0.00771
0.35,13,0.00715
0.35,14,0.0072
0.35,15,0.00621
0.35,16,0.00589
0.35,17,0.00544
0.35,18,0.00466
0.35,19,0.00434
0.35,20,0.00412
0.35,21,0.0044
0.35,22,0.00398
0.35,23,0.00338
0.35,24,0.00333
0.35,25,0.003
0.35,26,0.00294
0.35,27,0.00281
0.35,28,0.00254
0.35,29,0.00227
0.35,30,0.00231
0.35,31,0.00206
0.35,32,0.00191
0.35,33,0.00188
0.35,34,0.00189
0.35,35,0.00161
0.35,36,0.00177
0.35,37,0.00172
0.35,38,0.00146
0.35,39,0.00144
0.35,40,0.00109
0.35,41,0.00104
0.35,42,0.00132
0.35,43,0.00095
0.35,44,0.00097
0.35,45,0.00095
0.35,46,0.00098
0.35,47,0.00092
0.35,48,0.00076
0.35,49,0.00079
0.35,50,0.00058
0.35,51,0.00059
0.35,52,0.00071
0.35,53,0.00061
0.35,54,0.00055
0.35,55,0.00055
0.35,56,0.00047
0.35,57,0.00051
0.35,58,0.00046
0.35,59,0.00046
0.35,60,0.00051
0.35,61,0.00045
0.35,62,0.00039
0.35,63,0.0004
0.35,64,0.00029
0.35,65,0.00033
0.35,66,0.0003
0.35,67,0.00028
0.35,68,0.00029
0.35,69,0.00026
0.35,70,0.0002
0.35,71,0.00022
0.35,72,0.00022
0.35,73,0.00022
0.35,74,0.00024
0.35,75,0.00028
0.35,76,0.0002
0.35,77,0.0002
0.35,78,0.00018
0.35,79,0.00017
0.35,80,0.00013
0.35,81,0.00014
0.35,82,0.00011
0.35,83,9e-05
0.35,84,0.00014
0.35,85,7e-05
0.35,86,0.00012
0.35,87,9e-05
0.35,88,0.00012
0.35,89,9e-05
0.35,90,9e-05
0.35,91,3e-05
0.35,92,0.00011
0.35,93,6e-05
0.35,94,6e-05
0.35,95,9e-05
0.35,96,7e-05
0.35,97,5e-05
0.35,98,6e-05
0.35,99,2e-05
0.35,100,9e-05
0.35,101,3e-05
0.35,102,6e-05
0.35,103,4e-05
0.35,104,3e-05
0.35,105,5e-05
0.35,106,1e-05
0.35,107,2e-05
0.35,108,1e-05
0.35,109,5e-05
0.35,110,5e-05
0.35,111,2e-05
0.35,112,4e-05
0.35,113,2e-05
0.35,114,4e-05
0.35,115,4e-05
0.35,116,4e-05
0.35,117,4e-05
0.35,118,1e-05
0.35,119,2e-05
0.35,120,5e-05
0.35,121,4e-05
0.35,122,1e-05
0.35,123,4e-05
0.35,124,1e-05
0.35,125,1e-05
0.35,126,0
0.35,127,0
0.35,128,0
0.35,129,1e-05
0.35,130,1e-05
0.35,131,0
0.35,132,0
0.35,133,0
0.35,134,1e-05
0.35,135,1e-05
0.35,136,0
0.35,137,0
0.35,138,2e-05
0.35,139,0
0.35,140,1e-05
0.35,141,1e-05
0.35,142,1e-05
0.35,143,1e-05
0.35,144,1e-05
0.35,145,0
0.35,146,1e-05
0.35,147,0
0.35,148,0
0.35,149,2e-05
0.35,150,1e-05
0.35,151,0
0.35,152,1e-05
0.35,153,1e-05
0.35,154,1e-05
0.35,155,1e-05
0.35,156,0
0.35,157,0
0.35,158,0
0.35,159,0
0.35,160,1e-05
0.35,161,0
0.35,162,1e-05
0.35,163,0
0.35,164,0
0.35,165,0
0.35,166,0
0.35,167,0
0.35,168,0
0.35,169,0
0.35,170,0
0.35,171,0
0.35,172,0
0.35,173,1e-05
0.35,174,0
0.35,175,0
0.35,176,1e-05
0.35,177,0
0.35,178,0
0.35,179,0
0.35,180,0
0.35,181,0
0.35,182,0
0.35,183,0
0.35,184,0
0.35,185,0
0.35,186,0
0.35,187,0
0.35,188,0
0.35,189,0
0.35,190,0
0.35,191,0
0.35,192,0
0.35,193,0
0.35,194,0
0.35,195,0
0.35,196,0
0.35,197,0
0.35,198,0
0.35,199,0
0.35,200,0
0.35,201,0
0.35,202,0
0.35,203,0
0.35,204,0
0.35,205,0
0.35,206,0
0.35,207,0
0.35,208,0
0.35,209,0
0.35,210,0
0.35,211,0
0.35,212,0
0.35,213,0
0.35,214,0
0.35,215,0
0.35,216,0
0.35,217,0
0.35,218,0
0.35,219,0
0.35,220,0
0.35,221,0
0.35,222,0
0.35,223,0
0.35,224,0
0.35,225,0
0.35,226,0
0.35,227,0
0.35,228,0
0.35,229,0
0.35,230,0
0.35,231,0
0.35,232,0
0.35,233,0
0.35,234,0
0.35,235,0
0.35,236,0
0.35,237,0
0.35,238,0
0.35,239,0
0.35,240,0
0.35,241,0
0.35,242,0
0.35,243,0
0.35,244,0
0.35,245,0
0.35,246,0
0.35,247,0
0.35,248,0
0.35,249,0
0.35,250,0
0.35,251,0
0.35,252,0
0.35,253,0
0.35,254,0
0.35,255,0
0.35,256,0
0.35,257,0
0.35,258,0
0.35,259,0
0.35,260,0
0.35,261,0
0.35,262,0
0.35,263,0
0.35,264,0
0.35,265,0
0.35,266,0
0.35,267,0
0.35,268,0
0.35,269,0
0.35,270,0
0.35,271,0
0.35,272,0
0.35,273,0
0.35,274,0
0.35,275,0
0.35,276,0
0.35,277,0
0.35,278,0
0.35,279,0
0.35,280,0
0.35,281,0
0.35,282,0
0.35,283,0
0.35,284,0
0.35,285,0
0.35,286,0
0.35,287,0
0.35,288,0
0.35,289,0
0.35,290,0
0.35,291,0
0.35,292,0
0.35,293,0
0.35,294,0
0.35,295,0
0.35,296,0
0.35,297,0
0.35,298,0
0.35,299,0
0.35,300,0
0.35,301,0
0.35,302,0
0.35,303,0
0.35,304,0
0.35,305,0
0.35,306,0
0.35,307,0
0.35,308,0
0.35,309,0
0.35,310,0
0.35,311,0
0.35,312,0
0.35,313,0
0.35,314,0
0.35,315,0
0.35,316,0
0.35,317,0
0.35,318,0
0.35,319,0
0.35,320,0
0.35,321,0
0.35,322,0
0.35,323,0
0.35,324,0
0.35,325,0
0.35,326,0
0.35,327,0
0.35,328,0
0.35,329,0
0.35,330,0
0.35,331,0
0.35,332,0
0.35,333,0
0.35,334,0
0.35,335,0
0.35,336,0
0.35,337,0
0.35,338,0
0.35,339,0
0.35,340,0
0.35,341,0
0.35,342,0
0.35,343,0
0.35,344,0
0.35,345,0
0.35,346,0
0.35,347,0
0.35,348,0
0.35,349,0
0.35,350,0
0.35,351,0
0.35,352,0
0.35,353,0
0.35,354,0
0.35,355,0
0.35,356,0
0.35,357,0
0.35,358,0
0.35,359,0
0.35,360,0
0.35,361,0
0.35,362,0
0.35,363,0
0.35,364,0
0.35,365,0
0.35,366,0
0.35,367,0
0.35,368,0
0.35,369,0
0.35,370,0
0.35,371,0
0.35,372,0
0.35,373,0
0.35,374,0
0.35,375,0
0.35,376,0
0.35,377,0
0.35,378,0
0.35,379,0
0.35,380,0
0.35,381,0
0.35,382,0
0.35,383,0
0.35,384,0
0.35,385,0
0.35,386,0
0.35,387,0
0.35,388,0
0.35,389,0
0.35,390,0
0.35,391,0
0.35,392,0
0.35,393,0
0.35,394,0
0.35,395,0
0.35,396,0
0.35,397,0
0.35,398,0
0.35,399,0
0.35,400,0
0.35,401,0
0.35,402,0
0.35,403,0
0.35,404,0
0.35,405,0
0.35,406,0
0.35,407,0
0.35,408,0
0.35,409,0
0.35,410,0
0.35,411,0
0.35,412,0
0.35,413,0
0.35,414,0
0.35,415,0
0.35,416,0
0.35,417,0
0.35,418,0
0.35,419,0
0.35,420,0
0.35,421,0
0.35,422,0
0.35,423,0
0.35,424,0
0.35,425,0
0.35,426,0
0.35,427,0
0.35,428,0
0.35,429,0
0.35,430,0
0.35,431,0
0.35,432,0
0.35,433,0
0.35,434,0
0.35,435,0
0.35,436,0
0.35,437,0
0.35,438,0
0.35,439,0
0.35,440,0
0.35,441,0
0.35,442,0
0.35,443,0
0.35,444,0
0.35,445,0
0.35,446,0
0.35,447,0
0.35,448,0
0.35,449,0
0.35,450,0
0.35,451,0
0.35,452,0
0.35,453,0
0.35,454,0
0.35,455,0
0.35,456,0
0.35,457,0
0.35,458,0
0.35,459,0
0.35,460,0
0.35,461,0
0.35,462,0
0.35,463,0
0.35,464,0
0.35,465,0
0.35,466,0
0.35,467,0
0.35,468,0
0.35,469,0
0.35,470,0
0.35,471,0
0.35,472,0
0.35,473,0
0.35,474,0
0.35,475,0
0.35,476,0
0.35,477,0
0.35,478,0
0.35,479,0
0.35,480,0
0.35,481,0
0.35,482,0
0.35,483,0
0.35,484,0
0.35,485,0
0.35,486,0
0.35,487,0
0.35,488,0
0.35,489,0
0.35,490,0
0.35,491,0
0.35,492,0
0.35,493,0
0.35,494,0
0.35,495,0
0.35,496,0
0.35,497,0
0.35,498,0
0.35,499,0
0.35,500,0
0.4,0,0.00288
0.4,1,0.04422
0.4,2,0.0258
0.4,3,0.0203
0.4,4,0.01837
0.4,5,0.01588
0.4,6,0.01464
0.4,7,0.01336
0.4,8,0.01143
0.4,9,0.00995
0.4,10,0.00933
0.4,11,0.00888
0.4,12,0.00784
0.4,13,0.00709
0.4,14,0.00661
0.4,15,0.00609
0.4,16,0.00558
0.4,17,0.00507
0.4,18,0.00491
0.4,19,0.00442
0.4,20,0.0042
0.4,21,0.00378
0.4,22,0.00343
0.4,23,0.00353
0.4,24,0.00299
0.4,25,0.00285
0.4,26,0.0027
0.4,27,0.00246
0.4,28,0.00251
0.4,29,0.00215
0.4,30,0.0022
0.4,31,0.00194
0.4,32,0.00176
0.4,33,0.00142
0.4,34,0.00153
0.4,35,0.00161
0.4,36,0.00139
0.4,37,0.00132
0.4,38,0.00108
0.4,39,0.00099
0.4,40,0.00104
0.4,41,0.00109
0.4,42,0.00097
0.4,43,0.00083
0.4,44,0.00099
0.4,45,0.00088
0.4,46,0.00078
0.4,47,0.00051
0.4,48,0.00073
0.4,49,0.00059
0.4,50,0.00061
0.4,51,0.00047
0.4,52,0.00042
0.4,53,0.00059
0.4,54,0.00034
0.4,55,0.00048
0.4,56,0.00046
0.4,57,0.00035
0.4,58,0.00031
0.4,59,0.00028
0.4,60,0.00047
0.4,61,0.00041
0.4,62,0.00028
0.4,63,0.00028
0.4,64,0.00027
0.4,65,0.00023
0.4,66,0.00024
0.4,67,0.00028
0.4,68,0.00017
0.4,69,0.00019
0.4,70,0.00023
0.4,71,0.0002
0.4,72,0.0002
0.4,73,0.00014
0.4,74,0.00015
0.4,75,0.00012
0.4,76,7e-05
0.4,77,9e-05
0.4,78,9e-05
0.4,79,0.00016
0.4,80,5e-05
0.4,81,0.00016
0.4,82,9e-05
0.4,83,5e-05
0.4,84,8e-05
0.4,85,3e-05
0.4,86,3e-05
0.4,87,0.00012
0.4,88,0.0001
0.4,89,6e-05
0.4,90,3e-05
0.4,91,3e-05
0.4,92,3e-05
0.4,93,4e-05
0.4,94,2e-05
0.4,95,7e-05
0.4,96,7e-05
0.4,97,1e-05
0.4,98,2e-05
0.4,99,7e-05
0.4,100,4e-05
0.4,101,1e-05
0.4,102,4e-05
0.4,103,4e-05
0.4,104,5e-05
0.4,105,3e-05
0.4,106,1e-05
0.4,107,3e-05
0.4,108,2e-05
0.4,109,2e-05
0.4,110,4e-05
0.4,111,4e-05
0.4,112,1e-05
0.4,113,2e-05
0.4,114,3e-05
0.4,115,1e-05
0.4,116,1e-05
0.4,117,2e-05
0.4,118,0
0.4,119,3e-05
0.4,120,1e-05
0.4,121,1e-05
0.4,122,0
0.4,123,0
0.4,124,0
0.4,125,1e-05
0.4,126,1e-05
0.4,127,0
0.4,128,0
0.4,129,2e-05
0.4,130,0
0.4,131,1e-05
0.4,132,0
0.4,133,0
0.4,134,0
0.4,135,0
0.4,136,0
0.4,137,1e-05
0.4,138,0
0.4,139,2e-05
0.4,140,0
0.4,141,1e-05
0.4,142,0
0.4,143,0
0.4,144,1e-05
0.4,145,0
0.4,146,1e-05
0.4,147,0
0.4,148,0
0.4,149,0
0.4,150,0
0.4,151,0
0.4,152,0
0.4,153,0
0.4,154,0
0.4,155,0
0.4,156,1e-05
0.4,157,0
0.4,158,1e-05
0.4,159,0
0.4,160,0
0.4,161,0
0.4,162,1e-05
0.4,163,0
0.4,164,0
0.4,165,0
0.4,166,0
0.4,167,0
0.4,168,0
0.4,169,0
0.4,170,0
0.4,171,1e-05
0.4,172,0
0.4,173,0
0.4,174,1e-05
0.4,175,0
0.4,176,0
0.4,177,0
0.4,178,0
0.4,179,0
0.4,180,0
0.4,181,1e-05
0.4,182,0
0.4,183,0
0.4,184,0
0.4,185,0
0.4,186,0
0.4,187,1e-05
0.4,188,0
0.4,189,0
0.4,190,0
0.4,191,0
0.4,192,0
0.4,193,0
0.4,194,0
0.4,195,0
0.4,196,0
0.4,197,0
0.4,198,0
0.4,199,0
0.4,200,0
0.4,201,0
0.4,202,0
0.4,203,0
0.4,204,0
0.4,205,0
0.4,206,0
0.4,207,0
0.4,208,0
0.4,209,0
0.4,210,0
0.4,211,0
0.4,212,0
0.4,213,0
0.4,214,0
0.4,215,0
0.4,216,0
0.4,217,0
0.4,218,0
0.4,219,0
0.4,220,0
0.4,221,0
0.4,222,0
0.4,223,0
0.4,224,0
0.4,225,0
0.4,226,0
0.4,227,0
0.4,228,0
0.4,229,0
0.4,230,0
0.4,231,0
0.4,232,0
0.4,233,0
0.4,234,0
0.4,235,0
0.4,236,0
0.4,237,0
0.4,238,0
0.4,239,0
0.4,240,0
0.4,241,0
0.4,242,0
0.4,243,0
0.4,244,0
0.4,245,0
0.4,246,0
0.4,247,0
0.4,248,0
0.4,249,0
0.4,250,0
0.4,251,0
0.4,252,0
0.4,253,0
0.4,254,0
0.4,255,0
0.4,256,0
0.4,257,0
0.4,258,0
0.4,259,0
0.4,260,0
0.4,261,0
0.4,262,0
0.4,263,0
0.4,264,0
0.4,265,0
0.4,266,0
0.4,267,0
0.4,268,0
0.4,269,0
0.4,270,0
0.4,271,0
0.4,272,0
0.4,273,0
0.4,274,0
0.4,275,0
0.4,276,0
0.4,277,0
0.4,278,0
0.4,279,0
0.4,280,0
0.4,281,0
0.4,282,0
0.4,283,0
0.4,284,0
0.4,285,0
0.4,286,0
0.4,287,0
0.4,288,0
0.4,289,0
0.4,290,0
0.4,291,0
0.4,292,0
0.4,293,0
0.4,294,0
0.4,295,0
0.4,296,0
0.4,297,0
0.4,298,0
0.4,299,0
0.4,300,0
0.4,301,0
0.4,302,0
0.4,303,0
0.4,304,0
0.4,305,0
0.4,306,0
0.4,307,0
0.4,308,0
0.4,309,0
0.4,310,0
0.4,311,0
0.4,312,0
0.4,313,0
0.4,314,0
0.4,315,0
0.4,316,0
0.4,317,0
0.4,318,0
0.4,319,0
0.4,320,0
0.4,321,0
0.4,322,0
0.4,323,0
0.4,324,0
0.4,325,0
0.4,326,0
0.4,327,0
0.4,328,0
0.4,329,0
0.4,330,0
0.4,331,0
0.4,332,0
0.4,333,0
0.4,334,0
0.4,335,0
0.4,336,0
0.4,337,0
0.4,338,0
0.4,339,0
0.4,340,0
0.4,341,0
0.4,342,0
0.4,343,0
0.4,344,0
0.4,345,0
0.4,346,0
0.4,347,0
0.4,348,0
0.4,349,0
0.4,350,0
0.4,351,0
0.4,352,0
0.4,353,0
0.4,354,0
0.4,355,0
0.4,356,0
0.4,357,0
0.4,358,0
0.4,359,0
0.4,360,0
0.4,361,0
0.4,362,0
0.4,363,0
0.4,364,0
0.4,365,0
0.4,366,0
0.4,367,0
0.4,368,0
0.4,369,0
0.4,370,0
0.4,371,0
0.4,372,0
0.4,373,0
0.4,374,0
0.4,375,0
0.4,376,0
0.4,377,0
0.4,378,0
0.4,379,0
0.4,380,0
0.4,381,0
0.4,382,0
0.4,383,0
0.4,384,0
0.4,385,0
0.4,386,0
0.4,387,0
0.4,388,0
0.4,389,0
0.4,390,0
0.4,391,0
0.4,392,0
0.4,393,0
0.4,394,0
0.4,395,0
0.4,396,0
0.4,397,0
0.4,398,0
0.4,399,0
0.4,400,0
0.4,401,0
0.4,402,0
0.4,403,0
0.4,404,0
0.4,405,0
0.4,406,0
0.4,407,0
0.4,408,0
0.4,409,0
0.4,410,0
0.4,411,0
0.4,412,0
0.4,413,0
0.4,414,0
0.4,415,0
0.4,416,0
0.4,417,0
0.4,418,0
0.4,419,0
0.4,420,0
0.4,421,0
0.4,422,0
0.4,423,0
0.4,424,0
0.4,425,0
0.4,426,0
0.4,427,0
0.4,428,0
0.4,429,0
0.4,430,0
0.4,431,0
0.4,432,0
0.4,433,0
0.4,434,0
0.4,435,0
0.4,436,0
0.4,437,0
0.4,438,0
0.4,439,0
0.4,440,0
0.4,441,0
0.4,442,0
0.4,443,0
0.4,444,0
0.4,445,0
0.4,446,0
0.4,447,0
0.4,448,0
0.4,449,0
0.4,450,0
0.4,451,0
0.4,452,0
0.4,453,0
0.4,454,0
0.4,455,0
0.4,456,0
0.4,457,0
0.4,458,0
0.4,459,0
0.4,460,0
0.4,461,0
0.4,462,0
0.4,463,0
0.4,464,0
0.4,465,0
0.4,466,0
0.4,467,0
0.4,468,0
0.4,469,0
0.4,470,0
0.4,471,0
0.4,472,0
0.4,473,0
0.4,474,0
0.4,475,0
0.4,476,0
0.4,477,0
0.4,478,0
0.4,479,0
0.4,480,0
0.4,481,0
0.4,482,0
0.4,483,0
0.4,484,0
0.4,485,0
0.4,486,0
0.4,487,0
0.4,488,0
0.4,489,0
0.4,490,0
0.4,491,0
0.4,492,0
0.4,493,0
0.4,494,0
0.4,495,0
0.4,496,0
0.4,497,0
0.4,498,0
0.4,499,0
0.4,500,0
0.45,0,0.00261
0.45,1,0.03369
0.45,2,0.02563
0.45,3,0.02122
0.45,4,0.01906
0.45,5,0.01651
0.45,6,0.0146
0.45,7,0.01304
0.45,8,0.01182
0.45,9,0.01
0.45,10,0.00931
0.45,11,0.00866
0.45,12,0.0077
0.45,13,0.00686
0.45,14,0.00636
0.45,15,0.00562
0.45,16,0.0056
0.45,17,0.00467
0.45,18,0.0047
0.45,19,0.00386
0.45,20,0.00382
0.45,21,0.00358
0.45,22,0.0031
0.45,23,0.00295
0.45,24,0.00285
0.45,25,0.00256
0.45,26,0.00224
0.45,27,0.00212
0.45,28,0.00187
0.45,29,0.00204
0.45,30,0.00184
0.45,31,0.00161
0.45,32,0.00165
0.45,33,0.0015
0.45,34,0.00124
0.45,35,0.0014
0.45,36,0.00133
0.45,37,0.00104
0.45,38,0.00115
0.45,39,0.00091
0.45,40,0.00096
0.45,41,0.00089
0.45,42,0.00091
0.45,43,0.00073
0.45,44,0.00069
0.45,45,0.00062
0.45,46,0.00073
0.45,47,0.00042
0.45,48,0.00049
0.45,49,0.00042
0.45,50,0.0005
0.45,51,0.0004
0.45,52,0.00052
0.45,53,0.00042
0.45,54,0.00033
0.45,55,0.0004
0.45,56,0.00034
0.45,57,0.00029
0.45,58,0.00027
0.45,59,0.00024
0.45,60,0.0003
0.45,61,0.00029
0.45,62,0.00023
0.45,63,0.00016
0.45,64,0.00026
0.45,65,0.00015
0.45,66,0.00015
0.45,67,0.00014
0.45,68,0.00019
0.45,69,0.00011
0.45,70,0.00011
0.45,71,0.00014
0.45,72,0.0001
0.45,73,8e-05
0.45,74,9e-05
0.45,75,0.0001
0.45,76,9e-05
0.45,77,3e-05
0.45,78,8e-05
0.45,79,7e-05
0.45,80,0.0001
0.45,81,9e-05
0.45,82,5e-05
0.45,83,0.0001
0.45,84,8e-05
0.45,85,2e-05
0.45,86,6e-05
0.45,87,0.00011
0.45,88,5e-05
0.45,89,3e-05
0.45,90,5e-05
0.45,91,6e-05
0.45,92,4e-05
0.45,93,2e-05
0.45,94,2e-05
0.45,95,4e-05
0.45,96,1e-05
0.45,97,3e-05
0.45,98,0
0.45,99,1e-05
0.45,100,3e-05
0.45,101,2e-05
0.45,102,2e-05
0.45,103,3e-05
0.45,104,4e-05
0.45,105,1e-05
0.45,106,4e-05
0.45,107,3e-05
0.45,108,1e-05
0.45,109,2e-05
0.45,110,2e-05
0.45,111,1e-05
0.45,112,1e-05
0.45,113,0
0.45,114,2e-05
0.45,115,1e-05
0.45,116,1e-05
0.45,117,1e-05
0.45,118,1e-05
0.45,119,0
0.45,120,0
0.45,121,1e-05
0.45,122,0
0.45,123,1e-05
0.45,124,0
0.45,125,0
0.45,126,1e-05
0.45,127,1e-05
0.45,128,0
0.45,129,1e-05
0.45,130,0
0.45,131,0
0.45,132,1e-05
0.45,133,0
0.45,134,1e-05
0.45,135,0
0.45,136,2e-05
0.45,137,0
0.45,138,0
0.45,139,0
0.45,140,2e-05
0.45,141,0
0.45,142,0
0.45,143,0
0.45,144,0
0.45,145,0
0.45,146,1e-05
0.45,147,0
0.45,148,0
0.45,149,0
0.45,150,0
0.45,151,0
0.45,152,0
0.45,153,0
0.45,154,0
0.45,155,0
0.45,156,0
0.45,157,0
0.45,158,0
0.45,159,0
0.45,160,0
0.45,161,0
0.45,162,0
0.45,163,0
0.45,164,0
0.45,165,1e-05
0.45,166,0
0.45,167,0
0.45,168,1e-05
0.45,169,0
0.45,170,0
0.45,171,0
0.45,172,0
0.45,173,1e-05
0.45,174,0
0.45,175,0
0.45,176,0
0.45,177,0
0.45,178,0
0.45,179,0
0.45,180,0
0.45,181,0
0.45,182,0
0.45,183,0
0.45,184,0
0.45,185,0
0.45,186,0
0.45,187,0
0.45,188,0
0.45,189,0
0.45,190,0
0.45,191,0
0.45,192,0
0.45,193,0
0.45,194,0
0.45,195,0
0.45,196,0
0.45,197,0
0.45,198,0
0.45,199,0
0.45,200,0
0.45,201,0
0.45,202,0
0.45,203,0
0.45,204,0
0.45,205,0
0.45,206,0
0.45,207,0
0.45,208,0
0.45,209,0
0.45,210,0
0.45,211,0
0.45,212,0
0.45,213,0
0.45,214,0
0.45,215,0
0.45,216,0
0.45,217,0
0.45,218,0
0.45,219,0
0.45,220,0
0.45,221,0
0.45,222,0
0.45,223,0
0.45,224,0
0.45,225,0
0.45,226,0
0.45,227,0
0.45,228,0
0.45,229,0
0.45,230,0
0.45,231,0
0.45,232,0
0.45,233,0
0.45,234,0
0.45,235,0
0.45,236,0
0.45,237,0
0.45,238,0
0.45,239,0
0.45,240,0
0.45,241,0
0.45,242,0
0.45,243,0
0.45,244,0
0.45,245,0
0.45,246,0
0.45,247,0
0.45,248,0
0.45,249,0
0.45,250,0
0.45,251,0
0.45,252,0
0.45,253,0
0.45,254,0
0.45,255,0
0.45,256,0
0.45,257,0
0.45,258,0
0.45,259,0
0.45,260,0
0.45,261,0
0.45,262,0
0.45,263,0
0.45,264,0
0.45,265,0
0.45,266,0
0.45,267,0
0.45,268,0
0.45,269,0
0.45,270,0
0.45,271,0
0.45,272,0
0.45,273,0
0.45,274,0
0.45,275,0
0.45,276,0
0.45,277,0
0.45,278,0
0.45,279,0
0.45,280,0
0.45,281,0
0.45,282,0
0.45,283,0
0.45,284,0
0.45,285,0
0.45,286,0
0.45,287,0
0.45,288,0
0.45,289,0
0.45,290,0
0.45,291,0
0.45,292,0
0.45,293,0
0.45,294,0
0.45,295,0
0.45,296,0
0.45,297,0
0.45,298,0
0.45,299,0
0.45,300,0
0.45,301,0
0.45,302,0
0.45,303,0
0.45,304,0
0.45,305,0
0.45,306,0
0.45,307,0
0.45,308,0
0.45,309,0
0.45,310,0
0.45,311,0
0.45,312,0
0.45,313,0
0.45,314,0
0.45,315,0
0.45,316,0
0.45,317,0
0.45,318,0
0.45,319,0
0.45,320,0
0.45,321,0
0.45,322,0
0.45,323,0
0.45,324,0
0.45,325,0
0.45,326,0
0.45,327,0
0.45,328,0
0.45,329,0
0.45,330,0
0.45,331,0
0.45,332,0
0.45,333,0
0.45,334,0
0.45,335,0
0.45,336,0
0.45,337,0
0.45,338,0
0.45,339,0
0.45,340,0
0.45,341,0
0.45,342,0
0.45,343,0
0.45,344,0
0.45,345,0
0.45,346,0
0.45,347,0
0.45,348,0
0.45,349,0
0.45,350,0
0.45,351,0
0.45,352,0
0.45,353,0
0.45,354,0
0.45,355,0
0.45,356,0
0.45,357,0
0.45,358,0
0.45,359,0
0.45,360,0
0.45,361,0
0.45,362,0
0.45,363,0
0.45,364,0
0.45,365,0
0.45,366,0
0.45,367,0
0.45,368,0
0.45,369,0
0.45,370,0
0.45,371,0
0.45,372,0
0.45,373,0
0.45,374,0
0.45,375,0
0.45,376,0
0.45,377,0
0.45,378,0
0.45,379,0
0.45,380,0
0.45,381,0
0.45,382,0
0.45,383,0
0.45,384,0
0.45,385,0
0.45,386,0
0.45,387,0
0.45,388,0
0.45,389,0
0.45,390,0
0.45,391,0
0.45,392,0
0.45,393,0
0.45,394,0
0.45,395,0
0.45,396,0
0.45,397,0
0.45,398,0
0.45,399,0
0.45,400,0
0.45,401,0
0.45,402,0
0.45,403,0
0.45,404,0
0.45,405,0
0.45,406,0
0.45,407,0
0.45,408,0
0.45,409,0
0.45,410,0
0.45,411,0
0.45,412,0
0.45,413,0
0.45,414,0
0.45,415,0
0.45,416,0
0.45,417,0
0.45,418,0
0.45,419,0
0.45,420,0
0.45,421,0
0.45,422,0
0.45,423,0
0.45,424,0
0.45,425,0
0.45,426,0
0.45,427,0
0.45,428,0
0.45,429,0
0.45,430,0
0.45,431,0
0.45,432,0
0.45,433,0
0.45,434,0
0.45,435,0
0.45,436,0
0.45,437,0
0.45,438,0
0.45,439,0
0.45,440,0
0.45,441,0
0.45,442,0
0.45,443,0
0.45,444,0
0.45,445,0
0.45,446,0
0.45,447,0
0.45,448,0
0.45,449,0
0.45,450,0
0.45,451,0
0.45,452,0
0.45,453,0
0.45,454,0
0.45,455,0
0.45,456,0
0.45,457,0
0.45,458,0
0.45,459,0
0.45,460,0
0.45,461,0
0.45,462,0
0.45,463,0
0.45,464,0
0.45,465,0
0.45,466,0
0.45,467,0
0.45,468,0
0.45,469,0
0.45,470,0
0.45,471,0
0.45,472,0
0.45,473,0
0.45,474,0
0.45,475,0
0.45,476,0
0.45,477,0
0.45,478,0
0.45,479,0
0.45,480,0
0.45,481,0
0.45,482,0
0.45,483,0
0.45,484,0
0.45,485,0
0.45,486,0
0.45,487,0
0.45,488,0
0.45,489,0
0.45,490,0
0.45,491,0
0.45,492,0
0.45,493,0
0.45,494,0
0.45,495,0
0.45,496,0
0.45,497,0
0.45,498,0
0.45,499,0
0.45,500,0
