g,dB,Run,pEscape,timeEscape,pExtinct,timeExtinct,pRWplant,timeRWplant,pRRplant,timeRRplant
0.05,0.0589473684210526,1,0.919,13.784548422198,0,NaN,0.31,28.5,0.671,12.6512667660209
0.05,0.0589473684210526,2,0.921,12.7415852334419,0,NaN,0.54,29.9703703703704,0.899,12.9666295884316
0.05,0.0589473684210526,3,0.887,10.1972942502818,0,NaN,0.663,26.6666666666667,0.956,12.0753138075314
0.05,0.0589473684210526,4,0.905,10.0585635359116,0,NaN,0.78,26.4448717948718,0.987,13.0932117527862
0.05,0.0589473684210526,5,0.913,11.118291347207,0,NaN,0.858,28.0606060606061,0.998,13.190380761523
0.05,0.0589473684210526,6,0.884,10.9886877828054,0,NaN,0.907,28.5126791620728,0.999,12.4094094094094
0.05,0.0589473684210526,7,0.895,12.4268156424581,0,NaN,0.936,31.6965811965812,0.999,14.4234234234234
0.05,0.0589473684210526,8,0.902,9.02549889135255,0,NaN,0.959,28.9603753910323,1,12.981
0.05,0.0589473684210526,9,0.902,10.3924611973392,0,NaN,0.969,28.18782249742,1,13.706
0.05,0.0589473684210526,10,0.904,9.51216814159292,0,NaN,0.978,27.1768916155419,1,13.382
0.05,0.0589473684210526,11,0.917,10.742639040349,0,NaN,0.982,28.8279022403259,1,14.229
0.05,0.0589473684210526,12,0.898,9.52895322939866,0,NaN,0.986,30.7799188640974,1,12.498
0.05,0.0589473684210526,13,0.928,8.90301724137931,0,NaN,0.991,30.6246215943491,1,12.392
0.05,0.0589473684210526,14,0.906,10.8333333333333,0,NaN,0.993,30.4954682779456,1,13.448
0.05,0.0589473684210526,15,0.907,11.1389195148842,0,NaN,0.998,29.5260521042084,1,14.484
0.05,0.0589473684210526,16,0.904,8.40929203539823,0,NaN,0.998,27.4759519038076,1,13.175
0.05,0.0589473684210526,17,0.905,10.7867403314917,0,NaN,0.999,28.5685685685686,1,13.095
0.05,0.0589473684210526,18,0.911,9.77387486278814,0,NaN,0.999,27.6886886886887,1,12.959
0.05,0.0589473684210526,19,0.905,9.85524861878453,0,NaN,0.999,28.3863863863864,1,13.291
0.05,0.0589473684210526,20,0.918,8.92592592592593,0,NaN,0.999,25.7467467467467,1,12.775
0.05,0.0589473684210526,21,0.888,8.98648648648649,0,NaN,1,26.212,1,11.39
0.05,0.0589473684210526,22,0.9,10.9688888888889,0,NaN,1,28.691,1,13.074
0.05,0.0589473684210526,23,0.907,11.2249173098126,0,NaN,1,28.743,1,14.178
0.05,0.0589473684210526,24,0.913,9.48521358159912,0,NaN,1,28.13,1,12.065
0.05,0.0589473684210526,25,0.911,9.87266739846323,0,NaN,1,27.715,1,12.444
0.05,0.0589473684210526,26,0.918,10.1579520697168,0,NaN,1,27.286,1,12.945
0.05,0.0589473684210526,27,0.892,11.5695067264574,0,NaN,1,27.977,1,14.365
0.05,0.0589473684210526,28,0.904,8.23008849557522,0,NaN,1,26.354,1,11.326
0.05,0.0589473684210526,29,0.895,9.20670391061453,0,NaN,1,26.078,1,11.737
0.05,0.0589473684210526,30,0.899,12.5628476084538,0,NaN,1,30.963,1,13.756
0.05,0.0589473684210526,31,0.909,10.4499449944995,0,NaN,1,30.685,1,13.523
0.05,0.0589473684210526,32,0.914,9.70459518599562,0,NaN,1,29.963,1,12.455
0.05,0.0589473684210526,33,0.91,9.16813186813187,0,NaN,1,28.783,1,12.089
0.05,0.0589473684210526,34,0.912,11.3519736842105,0,NaN,1,30.313,1,14.45
0.05,0.0589473684210526,35,0.903,13.7475083056478,0,NaN,1,32.075,1,16.24
0.05,0.0589473684210526,36,0.906,10.5949227373068,0,NaN,1,28.948,1,13.852
0.05,0.0589473684210526,37,0.909,9.60946094609461,0,NaN,1,29.015,1,12.373
0.05,0.0589473684210526,38,0.885,11.1242937853107,0,NaN,1,31.065,1,12.806
0.05,0.0589473684210526,39,0.909,9.08690869086909,0,NaN,1,30.29,1,11.707
0.05,0.0589473684210526,40,0.901,9.09100998890122,0,NaN,1,29.701,1,11.523
0.05,0.0589473684210526,41,0.892,10.5403587443946,0,NaN,1,29.893,1,12.409
0.05,0.0589473684210526,42,0.911,11.6509330406147,0,NaN,1,31.332,1,14.009
0.05,0.0589473684210526,43,0.901,11.1220865704772,0,NaN,1,31.741,1,14.008
0.05,0.0589473684210526,44,0.907,10.2403528114664,0,NaN,1,29.645,1,14.076
0.05,0.0589473684210526,45,0.908,9.47026431718062,0,NaN,1,28.664,1,13.398
0.05,0.0589473684210526,46,0.929,9.53821313240043,0,NaN,1,28.476,1,13.055
0.05,0.0589473684210526,47,0.909,10.1639163916392,0,NaN,1,28.247,1,13.619
0.05,0.0589473684210526,48,0.924,10.2121212121212,0,NaN,1,27.949,1,14.017
0.05,0.0589473684210526,49,0.905,10.8497237569061,0,NaN,1,28.389,1,13.948
0.05,0.0589473684210526,50,0.909,7.91749174917492,0,NaN,1,27.059,1,11.095
0.05,0.0589473684210526,51,0.919,9.30685527747552,0,NaN,1,27.001,1,11.85
0.05,0.0589473684210526,52,0.902,10.330376940133,0,NaN,1,26.253,1,13.897
0.05,0.0589473684210526,53,0.909,8.76567656765677,0,NaN,1,27.886,1,11.124
0.05,0.0589473684210526,54,0.897,9.21850613154961,0,NaN,1,28.341,1,11.545
0.05,0.0589473684210526,55,0.896,10.5569196428571,0,NaN,1,28.448,1,12.905
0.05,0.0589473684210526,56,0.911,10.8880351262349,0,NaN,1,29.404,1,13.313
0.05,0.0589473684210526,57,0.908,9.52092511013216,0,NaN,1,28.091,1,13.042
0.05,0.0589473684210526,58,0.907,9.58765159867696,0,NaN,1,26.99,1,12.496
0.05,0.0589473684210526,59,0.924,10.6244588744589,0,NaN,1,28.432,1,12.923
0.05,0.0589473684210526,60,0.909,10.4213421342134,0,NaN,1,27.299,1,12.436
0.05,0.0589473684210526,61,0.901,11.3185349611543,0,NaN,1,28.871,1,14.001
0.05,0.0589473684210526,62,0.928,10.0474137931034,0,NaN,1,27.458,1,13.781
0.05,0.0589473684210526,63,0.907,10.1532524807056,0,NaN,1,28.521,1,12.809
0.05,0.0589473684210526,64,0.911,9.35455543358946,0,NaN,1,28.239,1,12.537
0.05,0.0589473684210526,65,0.915,9.4120218579235,0,NaN,1,29.137,1,12.283
0.05,0.0589473684210526,66,0.897,9.98885172798216,0,NaN,1,28.578,1,12.833
0.05,0.0589473684210526,67,0.913,10.86856516977,0,NaN,1,31.789,1,13.425
0.05,0.0589473684210526,68,0.917,10.0370774263904,0,NaN,1,31.109,1,12.435
0.05,0.0589473684210526,69,0.916,10.296943231441,0,NaN,1,30.891,1,12.849
0.05,0.0589473684210526,70,0.919,8.93144722524483,0,NaN,1,29.326,1,12.413
0.05,0.0589473684210526,71,0.902,10.2372505543237,0,NaN,1,30.219,1,12.905
0.05,0.0589473684210526,72,0.925,10.2908108108108,0,NaN,1,30.695,1,12.866
0.05,0.0589473684210526,73,0.902,10.2161862527716,0,NaN,1,29.109,1,13.787
0.05,0.0589473684210526,74,0.915,10.016393442623,0,NaN,1,28.693,1,13.238
0.05,0.0589473684210526,75,0.904,9.5,0,NaN,1,28.251,1,12.34
0.05,0.0589473684210526,76,0.903,8.56699889258029,0,NaN,1,27.991,1,11.965
0.05,0.0589473684210526,77,0.908,8.77202643171806,0,NaN,1,27.133,1,11.731
0.05,0.0589473684210526,78,0.904,9.25221238938053,0,NaN,1,26.476,1,12.375
0.05,0.0589473684210526,79,0.903,11.0553709856035,0,NaN,1,28.593,1,13.576
0.05,0.0589473684210526,80,0.912,9.05592105263158,0,NaN,1,28.057,1,11.118
0.05,0.0589473684210526,81,0.912,9.63706140350877,0,NaN,1,29.37,1,12.545
0.05,0.0589473684210526,82,0.891,9.52861952861953,0,NaN,1,27.078,1,12.082
0.05,0.0589473684210526,83,0.896,9.55357142857143,0,NaN,1,27.588,1,12.069
0.05,0.0589473684210526,84,0.907,9.56008820286659,0,NaN,1,27.78,1,13.072
0.05,0.0589473684210526,85,0.903,9.92469545957918,0,NaN,1,27.968,1,13.458
0.05,0.0589473684210526,86,0.924,10.9112554112554,0,NaN,1,29.16,1,14.249
0.05,0.0589473684210526,87,0.914,10.3621444201313,0,NaN,1,28.96,1,14
0.05,0.0589473684210526,88,0.929,10.491926803014,0,NaN,1,28.545,1,14.936
0.05,0.0589473684210526,89,0.906,10.4679911699779,0,NaN,1,28.941,1,13.943
0.05,0.0589473684210526,90,0.909,8.80638063806381,0,NaN,1,27.424,1,11.793
0.05,0.0589473684210526,91,0.914,10.753829321663,0,NaN,1,29.131,1,12.543
0.05,0.0589473684210526,92,0.915,10.7639344262295,0,NaN,1,30.476,1,13.348
0.05,0.0589473684210526,93,0.914,9.02078774617068,0,NaN,1,29.447,1,12.646
0.05,0.0589473684210526,94,0.926,10.7030237580994,0,NaN,1,29.471,1,14.263
0.05,0.0589473684210526,95,0.925,8.41189189189189,0,NaN,1,27.402,1,11.327
0.05,0.0589473684210526,96,0.914,10.5908096280088,0,NaN,1,28.597,1,12.831
0.05,0.0589473684210526,97,0.91,8.94395604395604,0,NaN,1,28.502,1,11.666
0.05,0.0589473684210526,98,0.918,10.9749455337691,0,NaN,1,30.614,1,12.998
0.05,0.0589473684210526,99,0.896,9.68526785714286,0,NaN,1,29.94,1,11.899
0.05,0.0589473684210526,100,0.904,9.85951327433628,0,NaN,1,28.785,1,13.368
0.1,0.124444444444444,1,0.785,11.5834394904459,0.208,388.245192307692,1,28.029,1,12.929
0.1,0.124444444444444,2,0.795,8.87169811320755,0.197,387.959390862944,1,26.073,1,11.673
0.1,0.124444444444444,3,0.813,8.98277982779828,0.18,389.816666666667,1,26.314,1,10.756
0.1,0.124444444444444,4,0.809,9.15080346106304,0.182,392.269230769231,1,24.102,1,11.241
0.1,0.124444444444444,5,0.817,8.43329253365973,0.176,393.568181818182,1,24.075,1,10.558
0.1,0.124444444444444,6,0.81,8.45061728395062,0.185,388.443243243243,1,23.194,1,11.108
0.1,0.124444444444444,7,0.807,8.86245353159851,0.186,390.327956989247,1,22.9,1,9.368
0.1,0.124444444444444,8,0.796,8.38693467336683,0.194,393.164948453608,1,22.398,1,9.449
0.1,0.124444444444444,9,0.821,8.60048721071864,0.172,384.953488372093,1,22.873,1,10.204
0.1,0.124444444444444,10,0.798,9.95739348370927,0.197,393.065989847716,1,23.743,1,10.644
0.1,0.124444444444444,11,0.807,10.2478314745973,0.182,387.115384615385,1,23.615,1,12.172
0.1,0.124444444444444,12,0.81,8.78271604938272,0.184,388.423913043478,1,23.115,1,10.907
0.1,0.124444444444444,13,0.822,8.71411192214112,0.173,387.890173410405,1,23.197,1,10.391
0.1,0.124444444444444,14,0.788,9.23096446700508,0.206,387.883495145631,1,23.638,1,10.471
0.1,0.124444444444444,15,0.815,7.96319018404908,0.178,392.842696629213,1,22.254,1,10.825
0.1,0.124444444444444,16,0.819,10.7008547008547,0.176,387.977272727273,1,23.204,1,11.524
0.1,0.124444444444444,17,0.796,11.391959798995,0.195,387.476923076923,1,23.572,1,12.219
0.1,0.124444444444444,18,0.811,8.29099876695438,0.178,383.460674157303,1,22.041,1,10.513
0.1,0.124444444444444,19,0.796,7.80150753768844,0.19,392.036842105263,1,21.624,1,8.919
0.1,0.124444444444444,20,0.822,8.89051094890511,0.167,394.694610778443,1,22.445,1,9.513
0.1,0.124444444444444,21,0.821,9.21437271619976,0.168,388.964285714286,1,22.513,1,10.326
0.1,0.124444444444444,22,0.821,10.5432399512789,0.167,392.622754491018,1,23.801,1,11.95
0.1,0.124444444444444,23,0.805,10.1962732919255,0.184,392.869565217391,1,23.933,1,10.953
0.1,0.124444444444444,24,0.8,8.645,0.189,388.047619047619,1,23.548,1,10.1
0.1,0.124444444444444,25,0.784,8.27933673469388,0.212,394.952830188679,1,22.879,1,9.553
0.1,0.124444444444444,26,0.809,7.37453646477132,0.185,390.232432432432,1,22.442,1,8.18
0.1,0.124444444444444,27,0.807,8.71623296158612,0.183,391.469945355191,1,23.385,1,9.047
0.1,0.124444444444444,28,0.811,8.94204685573366,0.176,389.892045454545,1,23.679,1,9.155
0.1,0.124444444444444,29,0.815,10.5815950920245,0.178,395.02808988764,1,24.457,1,11.108
0.1,0.124444444444444,30,0.802,9.77556109725686,0.191,387.298429319372,1,23.414,1,10.846
0.1,0.124444444444444,31,0.796,9.56658291457286,0.198,389.146464646465,1,23.11,1,10.234
0.1,0.124444444444444,32,0.8,9.46125,0.19,387.931578947368,1,23.128,1,10.906
0.1,0.124444444444444,33,0.806,6.90446650124069,0.186,391.844086021505,1,21.448,1,9.163
0.1,0.124444444444444,34,0.811,7.67077681874229,0.18,393.655555555556,1,21.28,1,8.607
0.1,0.124444444444444,35,0.799,8.82102628285357,0.192,391.317708333333,1,21.578,1,10.061
0.1,0.124444444444444,36,0.782,11.1278772378517,0.207,388.410628019324,1,23.414,1,12.439
0.1,0.124444444444444,37,0.793,8.92559899117276,0.2,387.845,1,23.432,1,10.913
0.1,0.124444444444444,38,0.807,9.30607187112763,0.183,389.830601092896,1,24.371,1,11.082
0.1,0.124444444444444,39,0.802,8.28802992518703,0.189,391.835978835979,1,24.301,1,10.237
0.1,0.124444444444444,40,0.81,8.18641975308642,0.177,388.412429378531,1,22.208,1,10.297
0.1,0.124444444444444,41,0.807,9.52044609665428,0.184,394.766304347826,1,22.678,1,11.03
0.1,0.124444444444444,42,0.806,7.8287841191067,0.186,386.758064516129,1,21.798,1,9.896
0.1,0.124444444444444,43,0.812,8.30172413793103,0.18,398.983333333333,1,21.978,1,9.975
0.1,0.124444444444444,44,0.804,8.25746268656716,0.188,395.191489361702,1,22.125,1,9.933
0.1,0.124444444444444,45,0.812,7.97167487684729,0.182,395.445054945055,1,19.57,1,10.61
0.1,0.124444444444444,46,0.812,8.92364532019704,0.183,385.699453551913,1,20.113,1,10.311
0.1,0.124444444444444,47,0.792,9.9040404040404,0.201,390.407960199005,1,22.251,1,10.818
0.1,0.124444444444444,48,0.794,8.7544080604534,0.201,389.398009950249,1,21.863,1,10.246
0.1,0.124444444444444,49,0.801,9.02247191011236,0.192,391.203125,1,21.16,1,11.055
0.1,0.124444444444444,50,0.806,7.63523573200993,0.179,389.877094972067,1,21.77,1,9.125
0.1,0.124444444444444,51,0.778,8.77506426735219,0.212,390.037735849057,1,22.195,1,9.457
0.1,0.124444444444444,52,0.784,8.14030612244898,0.213,386.863849765258,1,21.96,1,9.885
0.1,0.124444444444444,53,0.815,9.11533742331288,0.178,389.747191011236,1,22.17,1,9.683
0.1,0.124444444444444,54,0.8,10.41,0.188,392.191489361702,1,23.915,1,11.357
0.1,0.124444444444444,55,0.791,8.68394437420986,0.197,386.121827411167,1,22.474,1,10.682
0.1,0.124444444444444,56,0.79,8.09620253164557,0.2,389.07,1,22.841,1,10.215
0.1,0.124444444444444,57,0.819,8.86935286935287,0.176,387.721590909091,1,22.391,1,10.1
0.1,0.124444444444444,58,0.805,9.15403726708075,0.185,392.789189189189,1,22.726,1,10.407
0.1,0.124444444444444,59,0.806,9.83995037220844,0.185,387.735135135135,1,22.542,1,11.175
0.1,0.124444444444444,60,0.798,7.78070175438596,0.197,389.578680203046,1,21.925,1,9.142
0.1,0.124444444444444,61,0.82,8.18048780487805,0.178,389.792134831461,1,20.967,1,9.519
0.1,0.124444444444444,62,0.81,9.40617283950617,0.181,389.453038674033,1,23.539,1,10.025
0.1,0.124444444444444,63,0.802,10.7281795511222,0.191,393.340314136126,1,25.762,1,10.85
0.1,0.124444444444444,64,0.814,9.93857493857494,0.176,392.170454545455,1,24.812,1,11.993
0.1,0.124444444444444,65,0.828,11.3550724637681,0.165,392.242424242424,1,25.033,1,12.473
0.1,0.124444444444444,66,0.82,10.3841463414634,0.173,390.526011560694,1,24.455,1,11.867
0.1,0.124444444444444,67,0.796,9.24120603015075,0.194,390.613402061856,1,23.288,1,12.292
0.1,0.124444444444444,68,0.8,8.0375,0.193,386.222797927461,1,23.423,1,10.225
0.1,0.124444444444444,69,0.814,7.61547911547912,0.179,389.396648044693,1,22.793,1,9.869
0.1,0.124444444444444,70,0.81,9.27283950617284,0.182,385.340659340659,1,23.983,1,10.823
0.1,0.124444444444444,71,0.794,9.69017632241814,0.196,391.530612244898,1,23.378,1,10.894
0.1,0.124444444444444,72,0.815,8.57177914110429,0.182,391.175824175824,1,23.167,1,9.643
0.1,0.124444444444444,73,0.807,10.0359355638166,0.181,387.878453038674,1,23.533,1,11.208
0.1,0.124444444444444,74,0.824,8.5752427184466,0.166,390.807228915663,1,22.412,1,11.849
0.1,0.124444444444444,75,0.824,7.83009708737864,0.173,393.867052023121,1,21.181,1,9.598
0.1,0.124444444444444,76,0.79,8.80253164556962,0.201,387.238805970149,1,22.008,1,9.824
0.1,0.124444444444444,77,0.798,8.27318295739348,0.194,393.283505154639,1,22.051,1,9.064
0.1,0.124444444444444,78,0.807,8.37670384138786,0.184,387.434782608696,1,23.167,1,9.363
0.1,0.124444444444444,79,0.841,7.90249702734839,0.148,391.358108108108,1,22.161,1,9.549
0.1,0.124444444444444,80,0.809,9.57478368355995,0.179,390.055865921788,1,22.679,1,10.558
0.1,0.124444444444444,81,0.805,9.52298136645963,0.185,390.221621621622,1,23.303,1,10.915
0.1,0.124444444444444,82,0.824,8.68203883495146,0.165,390.884848484848,1,22.773,1,11.04
0.1,0.124444444444444,83,0.81,8.07777777777778,0.179,390.77094972067,1,21.437,1,10.928
0.1,0.124444444444444,84,0.804,9.08830845771144,0.185,390.627027027027,1,22.267,1,10.5
0.1,0.124444444444444,85,0.807,10.1660470879802,0.187,385.299465240642,1,23.157,1,11.505
0.1,0.124444444444444,86,0.805,9.66832298136646,0.188,397.670212765957,1,22.539,1,11.692
0.1,0.124444444444444,87,0.795,9.21761006289308,0.199,388.462311557789,1,22.265,1,11.49
0.1,0.124444444444444,88,0.802,8.9713216957606,0.188,395.260638297872,1,22.636,1,10.766
0.1,0.124444444444444,89,0.803,8.44458281444583,0.19,394.357894736842,1,21.986,1,10.608
0.1,0.124444444444444,90,0.807,9.81288723667906,0.188,388.106382978723,1,23.659,1,10.417
0.1,0.124444444444444,91,0.808,10.3935643564356,0.184,390.58152173913,1,24.566,1,11.573
0.1,0.124444444444444,92,0.797,10.3337515683814,0.192,393.135416666667,1,25.322,1,11.577
0.1,0.124444444444444,93,0.804,8.40298507462687,0.184,390.358695652174,1,23.295,1,11.07
0.1,0.124444444444444,94,0.813,8.88191881918819,0.18,390.411111111111,1,22.734,1,11.225
0.1,0.124444444444444,95,0.798,9.86340852130326,0.197,388.375634517767,1,23.569,1,11.77
0.1,0.124444444444444,96,0.809,10.2286773794808,0.183,390.295081967213,1,24.389,1,11.629
0.1,0.124444444444444,97,0.817,10.4418604651163,0.173,385.64161849711,1,24.283,1,11.856
0.1,0.124444444444444,98,0.818,7.7200488997555,0.179,388.843575418994,1,23.09,1,10.54
0.1,0.124444444444444,99,0.791,10.378002528445,0.201,392.681592039801,1,23.325,1,12.39
0.1,0.124444444444444,100,0.81,10.5456790123457,0.177,394.610169491525,1,23.028,1,11.607
0.15,0.197647058823529,1,0.722,9.85180055401662,0.278,268.812949640288,1,21.521,1,10.586
0.15,0.197647058823529,2,0.707,8.70862800565771,0.293,265.064846416382,1,20.036,1,10.183
0.15,0.197647058823529,3,0.721,9.20388349514563,0.279,264.727598566308,1,19.106,1,10.48
0.15,0.197647058823529,4,0.731,10.5608755129959,0.269,265.327137546468,1,19.311,1,12.103
0.15,0.197647058823529,5,0.716,9.5377094972067,0.284,265.549295774648,1,19.402,1,11.726
0.15,0.197647058823529,6,0.735,9.45170068027211,0.265,262.743396226415,1,18.984,1,11.094
0.15,0.197647058823529,7,0.711,9.73558368495077,0.289,266.840830449827,1,19.093,1,10.666
0.15,0.197647058823529,8,0.732,8.43852459016393,0.268,269.638059701493,1,19.136,1,10.094
0.15,0.197647058823529,9,0.719,8.93324061196106,0.281,266.014234875445,1,18.258,1,10.386
0.15,0.197647058823529,10,0.713,9.3492286115007,0.287,266.341463414634,1,18.605,1,10.68
0.15,0.197647058823529,11,0.714,10.5812324929972,0.286,263.164335664336,1,19.727,1,11.651
0.15,0.197647058823529,12,0.713,7.95932678821879,0.287,268.062717770035,1,17.907,1,10.39
0.15,0.197647058823529,13,0.731,8.03830369357045,0.269,261.081784386617,1,17.879,1,9.976
0.15,0.197647058823529,14,0.735,9.16462585034014,0.265,268.350943396226,1,18.653,1,9.819
0.15,0.197647058823529,15,0.704,9.56960227272727,0.296,267.243243243243,1,18.949,1,10.155
0.15,0.197647058823529,16,0.714,9.09103641456583,0.286,266.601398601399,1,19.342,1,9.844
0.15,0.197647058823529,17,0.717,8.37517433751743,0.283,266.766784452297,1,18.768,1,9.292
0.15,0.197647058823529,18,0.738,9.10975609756098,0.262,267.954198473282,1,19.176,1,9.828
0.15,0.197647058823529,19,0.726,9.15151515151515,0.274,265.715328467153,1,19.417,1,10.502
0.15,0.197647058823529,20,0.71,10.8267605633803,0.29,267.996551724138,1,19.719,1,11.864
0.15,0.197647058823529,21,0.726,9.57713498622589,0.274,268.306569343066,1,19.456,1,11.186
0.15,0.197647058823529,22,0.705,7.93758865248227,0.295,265.935593220339,1,18.161,1,9.747
0.15,0.197647058823529,23,0.747,8.53815261044177,0.253,268.241106719368,1,17.916,1,10.18
0.15,0.197647058823529,24,0.712,8.96348314606742,0.288,272.746527777778,1,17.995,1,10.559
0.15,0.197647058823529,25,0.716,8.51396648044693,0.284,264.285211267606,1,18.131,1,10.03
0.15,0.197647058823529,26,0.71,9.17887323943662,0.29,267.503448275862,1,18.716,1,10.946
0.15,0.197647058823529,27,0.706,9.20113314447592,0.294,268.840136054422,1,18.766,1,10.393
0.15,0.197647058823529,28,0.711,10.1068917018284,0.289,268.705882352941,1,19.221,1,11.334
0.15,0.197647058823529,29,0.722,9.51939058171745,0.277,267.635379061372,1,19.115,1,11.745
0.15,0.197647058823529,30,0.71,8.58591549295775,0.29,268.568965517241,1,17.88,1,11.192
0.15,0.197647058823529,31,0.717,9.49930264993026,0.283,269.508833922261,1,18.351,1,11.535
0.15,0.197647058823529,32,0.711,10.6005625879044,0.289,264.598615916955,1,19.358,1,12.63
0.15,0.197647058823529,33,0.683,10.9604685212299,0.317,270.447949526814,1,19.899,1,12.649
0.15,0.197647058823529,34,0.711,10.0239099859353,0.289,268.560553633218,1,19.775,1,11.519
0.15,0.197647058823529,35,0.728,7.73763736263736,0.272,268.011029411765,1,19.638,1,9.158
0.15,0.197647058823529,36,0.721,7.59639389736477,0.279,267.26164874552,1,18.456,1,8.774
0.15,0.197647058823529,37,0.717,8.93584379358438,0.283,265.257950530035,1,19.095,1,9.903
0.15,0.197647058823529,38,0.729,9.50480109739369,0.271,265.132841328413,1,19.057,1,10.307
0.15,0.197647058823529,39,0.68,8.37352941176471,0.32,267.36875,1,18.558,1,9.495
0.15,0.197647058823529,40,0.719,9.7413073713491,0.281,268.427046263345,1,18.883,1,11.38
0.15,0.197647058823529,41,0.733,8.42701227830832,0.267,268.614232209738,1,18.411,1,10.861
0.15,0.197647058823529,42,0.7,8.46285714285714,0.3,267.11,1,18.121,1,10.069
0.15,0.197647058823529,43,0.731,7.54172366621067,0.268,269.033582089552,1,17.769,1,9.524
0.15,0.197647058823529,44,0.725,7.83448275862069,0.275,270.156363636364,1,18.047,1,8.724
0.15,0.197647058823529,45,0.727,7.87895460797799,0.273,266.465201465201,1,18.745,1,8.726
0.15,0.197647058823529,46,0.727,8.95323246217331,0.273,266.593406593407,1,18.984,1,9.342
0.15,0.197647058823529,47,0.715,9.46573426573427,0.285,268.028070175439,1,19.48,1,10.178
0.15,0.197647058823529,48,0.701,8.76747503566334,0.298,269.439597315436,1,18.701,1,9.873
0.15,0.197647058823529,49,0.73,8.79178082191781,0.27,267.844444444444,1,18.828,1,10.36
0.15,0.197647058823529,50,0.699,10.5021459227468,0.301,267.205980066445,1,19.329,1,11.303
0.15,0.197647058823529,51,0.711,11.71870604782,0.289,272.079584775087,1,20.254,1,12.271
0.15,0.197647058823529,52,0.712,9.75983146067416,0.288,269.729166666667,1,19.913,1,11.77
0.15,0.197647058823529,53,0.686,9.14285714285714,0.314,266.882165605096,1,19.109,1,10.547
0.15,0.197647058823529,54,0.708,9.42514124293785,0.292,268.972602739726,1,20.254,1,9.715
0.15,0.197647058823529,55,0.731,9.47058823529412,0.269,271.951672862454,1,20.272,1,10.142
0.15,0.197647058823529,56,0.715,9.9986013986014,0.285,264.017543859649,1,20.047,1,11.022
0.15,0.197647058823529,57,0.728,9.51923076923077,0.272,268.584558823529,1,20.45,1,11.504
0.15,0.197647058823529,58,0.708,10.8121468926554,0.292,268.517123287671,1,20.393,1,12.914
0.15,0.197647058823529,59,0.731,10.1969904240766,0.269,268.869888475836,1,19.979,1,12.303
0.15,0.197647058823529,60,0.736,9.76630434782609,0.264,263.208333333333,1,19.835,1,12.151
0.15,0.197647058823529,61,0.714,9.12605042016807,0.286,267.384615384615,1,19.068,1,11.406
0.15,0.197647058823529,62,0.718,8.95125348189415,0.282,270.351063829787,1,19.454,1,11.214
0.15,0.197647058823529,63,0.73,10.4369863013699,0.27,268.377777777778,1,21.14,1,11.601
0.15,0.197647058823529,64,0.711,9.88888888888889,0.289,268.190311418685,1,19.746,1,11.998
0.15,0.197647058823529,65,0.721,9.6380027739251,0.279,267.78853046595,1,19.29,1,11.848
0.15,0.197647058823529,66,0.71,9.75774647887324,0.29,263.524137931034,1,18.846,1,11.28
0.15,0.197647058823529,67,0.734,9.09128065395095,0.266,266.466165413534,1,18.772,1,10.697
0.15,0.197647058823529,68,0.709,8.95627644569817,0.291,265.333333333333,1,17.796,1,11.332
0.15,0.197647058823529,69,0.712,9.29775280898876,0.288,271.909722222222,1,18.305,1,11.285
0.15,0.197647058823529,70,0.724,8.37154696132597,0.276,269.521739130435,1,18.012,1,10.544
0.15,0.197647058823529,71,0.733,8.98908594815825,0.267,266.640449438202,1,18.95,1,10.995
0.15,0.197647058823529,72,0.711,8.65822784810127,0.289,264.702422145329,1,18.949,1,10.707
0.15,0.197647058823529,73,0.718,8.04317548746518,0.282,266.95390070922,1,19.301,1,9.319
0.15,0.197647058823529,74,0.722,8.86288088642659,0.278,264.820143884892,1,19.285,1,10.017
0.15,0.197647058823529,75,0.709,8.31452750352609,0.291,266.412371134021,1,17.871,1,9.136
0.15,0.197647058823529,76,0.737,8.37042062415197,0.263,270.509505703422,1,18.14,1,9.569
0.15,0.197647058823529,77,0.699,8.91559370529328,0.301,266.996677740864,1,18.121,1,9.655
0.15,0.197647058823529,78,0.703,9.52204836415363,0.297,268.239057239057,1,18.53,1,10.665
0.15,0.197647058823529,79,0.715,10.4013986013986,0.285,268.245614035088,1,19.342,1,11.989
0.15,0.197647058823529,80,0.731,9.06703146374829,0.269,268.576208178439,1,19.563,1,11.163
0.15,0.197647058823529,81,0.681,9.81938325991189,0.319,267.216300940439,1,19.722,1,10.841
0.15,0.197647058823529,82,0.696,8.51149425287356,0.304,263.805921052632,1,18.778,1,10.332
0.15,0.197647058823529,83,0.704,7.95454545454545,0.296,268.685810810811,1,18.159,1,10.002
0.15,0.197647058823529,84,0.722,7.87950138504155,0.278,269.474820143885,1,17.824,1,8.844
0.15,0.197647058823529,85,0.712,9.64044943820225,0.288,268.972222222222,1,19.135,1,10.355
0.15,0.197647058823529,86,0.719,8.46036161335188,0.281,269.306049822064,1,18.166,1,10.15
0.15,0.197647058823529,87,0.702,7.21082621082621,0.298,266.865771812081,1,16.959,1,9.385
0.15,0.197647058823529,88,0.708,8.85875706214689,0.292,269.928082191781,1,18.363,1,10.152
0.15,0.197647058823529,89,0.703,8.54054054054054,0.297,265.737373737374,1,18.821,1,9.36
0.15,0.197647058823529,90,0.706,7.57507082152974,0.294,270.455782312925,1,17.988,1,8.918
0.15,0.197647058823529,91,0.706,7.51133144475921,0.294,268.768707482993,1,18.265,1,8.602
0.15,0.197647058823529,92,0.749,7.51268357810414,0.251,267.175298804781,1,17.747,1,8.638
0.15,0.197647058823529,93,0.722,7.55678670360111,0.277,266.404332129964,1,17.75,1,8.888
0.15,0.197647058823529,94,0.71,7.68028169014084,0.29,267.972413793103,1,17.91,1,8.852
0.15,0.197647058823529,95,0.718,9.06267409470752,0.282,267.372340425532,1,19.851,1,9.876
0.15,0.197647058823529,96,0.733,9.00954979536153,0.267,269.531835205993,1,19.164,1,10.676
0.15,0.197647058823529,97,0.699,10.1673819742489,0.301,266.119601328904,1,19.067,1,11.357
0.15,0.197647058823529,98,0.725,8.26068965517241,0.275,267.909090909091,1,19.43,1,10.301
0.15,0.197647058823529,99,0.699,8.41487839771102,0.301,266.578073089701,1,19.34,1,10.562
0.15,0.197647058823529,100,0.709,7.93935119887165,0.291,264.86941580756,1,18.637,1,9.63
0.2,0.28,1,0.634,9.66876971608833,0.366,203.491803278689,1,17.509,1,10.019
0.2,0.28,2,0.661,8.46142208774584,0.339,202.778761061947,1,15.887,1,10.663
0.2,0.28,3,0.677,10.9025110782866,0.323,202.674922600619,1,17.025,1,12.056
0.2,0.28,4,0.647,11.2364760432767,0.353,200.71954674221,1,16.598,1,12.522
0.2,0.28,5,0.629,10.9968203497615,0.371,204,1,16.306,1,13.138
0.2,0.28,6,0.659,9.58877086494689,0.341,203.759530791789,1,15.675,1,12.985
0.2,0.28,7,0.656,8.59146341463415,0.344,205.994186046512,1,15.209,1,12.824
0.2,0.28,8,0.65,8.75538461538462,0.35,201.888571428571,1,16.07,1,12.197
0.2,0.28,9,0.661,8.66565809379728,0.339,203.474926253687,1,16.109,1,11.895
0.2,0.28,10,0.648,9.13117283950617,0.352,204.914772727273,1,15.913,1,11.708
0.2,0.28,11,0.637,9.99372056514914,0.363,204.595041322314,1,16.122,1,11.835
0.2,0.28,12,0.633,9.71090047393365,0.367,204.177111716621,1,16.3,1,11.353
0.2,0.28,13,0.644,9.34006211180124,0.356,201.47191011236,1,16.185,1,11.529
0.2,0.28,14,0.643,10.2566096423017,0.357,202.302521008403,1,17.051,1,11.778
0.2,0.28,15,0.638,9.16300940438872,0.362,205.453038674033,1,17.003,1,11.655
0.2,0.28,16,0.634,9.07097791798107,0.366,203.060109289617,1,16.335,1,11.637
0.2,0.28,17,0.633,8.98894154818325,0.367,204.16621253406,1,16.122,1,11.257
0.2,0.28,18,0.644,9.29347826086956,0.356,202.047752808989,1,16.411,1,11.713
0.2,0.28,19,0.647,9.15301391035549,0.353,203.886685552408,1,16.079,1,11.561
0.2,0.28,20,0.648,9.74845679012346,0.352,202.957386363636,1,16.554,1,11.865
0.2,0.28,21,0.645,10.506976744186,0.355,202.4,1,17.164,1,12.279
0.2,0.28,22,0.654,8.98470948012232,0.346,203.843930635838,1,16.243,1,12.287
0.2,0.28,23,0.659,8.2154779969651,0.341,203.225806451613,1,15.438,1,12.191
0.2,0.28,24,0.626,9.28753993610224,0.374,199.780748663102,1,15.448,1,12.392
0.2,0.28,25,0.668,9.06137724550898,0.332,203.448795180723,1,15.701,1,11.935
0.2,0.28,26,0.647,9.02627511591963,0.353,204.611898016997,1,16.125,1,11.356
0.2,0.28,27,0.663,8.87481146304676,0.337,204.421364985163,1,15.554,1,11.867
0.2,0.28,28,0.649,8.28197226502311,0.351,201.276353276353,1,15.455,1,10.666
0.2,0.28,29,0.641,7.75663026521061,0.359,204.562674094708,1,14.866,1,10.357
0.2,0.28,30,0.65,8.56307692307692,0.35,202.32,1,15.75,1,11.024
0.2,0.28,31,0.64,9.1390625,0.36,206.555555555556,1,15.867,1,10.705
0.2,0.28,32,0.644,8.95807453416149,0.356,203.851123595506,1,15.775,1,10.577
0.2,0.28,33,0.63,9.82539682539683,0.37,202.510810810811,1,16.03,1,11.215
0.2,0.28,34,0.661,9.09379727685325,0.339,201.716814159292,1,16.161,1,11.298
0.2,0.28,35,0.63,9.15873015873016,0.37,202.056756756757,1,15.615,1,11.773
0.2,0.28,36,0.643,10.4261275272162,0.357,204.392156862745,1,16.683,1,12.716
0.2,0.28,37,0.624,10.1266025641026,0.376,205.234042553192,1,16.691,1,12.414
0.2,0.28,38,0.638,10.2257053291536,0.362,204.118784530387,1,17.223,1,12.519
0.2,0.28,39,0.652,9.24233128834356,0.348,203.206896551724,1,16.568,1,12.413
0.2,0.28,40,0.63,9.82222222222222,0.37,203.154054054054,1,16.453,1,11.412
0.2,0.28,41,0.663,8.38763197586727,0.337,203.038575667656,1,15.661,1,10.919
0.2,0.28,42,0.623,7.86035313001605,0.377,203.116710875332,1,15.492,1,10.227
0.2,0.28,43,0.665,8.8781954887218,0.335,202.611940298507,1,16.234,1,11.08
0.2,0.28,44,0.651,9.86635944700461,0.349,202.512893982808,1,16.333,1,11.453
0.2,0.28,45,0.666,10.0885885885886,0.334,200.90119760479,1,16.497,1,11.806
0.2,0.28,46,0.654,10.4694189602446,0.346,201.872832369942,1,16.567,1,11.68
0.2,0.28,47,0.67,8.55820895522388,0.33,204.927272727273,1,16.102,1,10.826
0.2,0.28,48,0.653,8.42879019908116,0.347,204.389048991354,1,15.444,1,10.504
0.2,0.28,49,0.651,9.68509984639017,0.349,202.736389684814,1,15.914,1,11.424
0.2,0.28,50,0.618,11.0954692556634,0.382,202.541884816754,1,16.661,1,11.528
0.2,0.28,51,0.669,9.34828101644245,0.331,203.006042296073,1,16.619,1,11.724
0.2,0.28,52,0.602,10.8239202657807,0.398,201.959798994975,1,16.713,1,11.612
0.2,0.28,53,0.642,9.11214953271028,0.358,201.553072625698,1,15.638,1,11.256
0.2,0.28,54,0.635,9.02834645669291,0.365,201.487671232877,1,15.455,1,11.337
0.2,0.28,55,0.644,9.54347826086956,0.356,200.716292134831,1,16.633,1,11.619
0.2,0.28,56,0.648,9.10030864197531,0.352,202.1875,1,15.817,1,11.504
0.2,0.28,57,0.664,9.14457831325301,0.336,198.892857142857,1,16.6,1,11.617
0.2,0.28,58,0.628,9.67356687898089,0.372,201.370967741935,1,16.483,1,11.547
0.2,0.28,59,0.667,8.61169415292354,0.333,203.513513513514,1,15.355,1,10.922
0.2,0.28,60,0.658,8.77051671732523,0.342,202.760233918129,1,15.712,1,11.106
0.2,0.28,61,0.66,9.52878787878788,0.34,200.867647058824,1,16.389,1,11.169
0.2,0.28,62,0.648,9.80401234567901,0.352,203.630681818182,1,16.213,1,11.512
0.2,0.28,63,0.635,10.2708661417323,0.365,200.904109589041,1,17.114,1,11.689
0.2,0.28,64,0.62,10.2338709677419,0.38,202.323684210526,1,16.913,1,11.94
0.2,0.28,65,0.666,8.56456456456456,0.334,199.664670658683,1,16.299,1,11.76
0.2,0.28,66,0.642,10.0545171339564,0.358,202.198324022346,1,16.504,1,11.976
0.2,0.28,67,0.626,9.55271565495208,0.374,202.711229946524,1,15.798,1,11.955
0.2,0.28,68,0.651,7.99385560675883,0.349,204.501432664756,1,14.574,1,11.219
0.2,0.28,69,0.629,7.84737678855326,0.371,201.105121293801,1,14.543,1,11
0.2,0.28,70,0.636,9.01415094339623,0.364,204.593406593407,1,15.246,1,11.785
0.2,0.28,71,0.663,10.0467571644042,0.337,204.074183976261,1,16.451,1,12.603
0.2,0.28,72,0.659,9.46282245827011,0.341,200.058651026393,1,16.322,1,12.283
0.2,0.28,73,0.639,10.3787167449139,0.361,203.927977839335,1,16.328,1,12.716
0.2,0.28,74,0.648,8.36728395061728,0.352,206.116477272727,1,16.092,1,11.302
0.2,0.28,75,0.666,8.54204204204204,0.334,203.718562874251,1,15.583,1,11.428
0.2,0.28,76,0.645,8.81395348837209,0.355,201.938028169014,1,15.879,1,11.365
0.2,0.28,77,0.649,8.71186440677966,0.351,202.834757834758,1,15.7,1,11.666
0.2,0.28,78,0.644,8.02173913043478,0.356,202.705056179775,1,15.861,1,11.197
0.2,0.28,79,0.634,9.27760252365931,0.366,202.959016393443,1,15.969,1,11.666
0.2,0.28,80,0.638,8.88871473354232,0.362,203.033149171271,1,15.792,1,10.82
0.2,0.28,81,0.65,9.24923076923077,0.35,200.948571428571,1,16.318,1,11.63
0.2,0.28,82,0.653,8.57427258805513,0.347,203.484149855908,1,16.238,1,10.909
0.2,0.28,83,0.647,9.36012364760433,0.353,203.512747875354,1,16.035,1,11.203
0.2,0.28,84,0.639,10.3990610328638,0.361,203.565096952909,1,16.29,1,11.907
0.2,0.28,85,0.632,9.53006329113924,0.368,204.038043478261,1,15.805,1,12.005
0.2,0.28,86,0.635,9.66456692913386,0.365,204.306849315068,1,15.998,1,11.693
0.2,0.28,87,0.624,8.26282051282051,0.376,202.101063829787,1,15.275,1,11.261
0.2,0.28,88,0.632,9.125,0.368,201.671195652174,1,15.913,1,11.316
0.2,0.28,89,0.621,9.3768115942029,0.379,202.947229551451,1,15.594,1,11.293
0.2,0.28,90,0.643,9.4805598755832,0.357,202.078431372549,1,15.89,1,10.905
0.2,0.28,91,0.648,9.81944444444444,0.352,206.252840909091,1,16.685,1,11.111
0.2,0.28,92,0.639,10.2003129890454,0.361,202.573407202216,1,16.34,1,11.429
0.2,0.28,93,0.618,9.43042071197411,0.382,203.586387434555,1,16.278,1,10.742
0.2,0.28,94,0.638,9.31034482758621,0.362,203.024861878453,1,16.075,1,10.688
0.2,0.28,95,0.663,7.48265460030166,0.337,205.290801186944,1,14.846,1,10.249
0.2,0.28,96,0.662,8.27341389728097,0.338,201.236686390533,1,15.456,1,10.509
0.2,0.28,97,0.636,9.93396226415094,0.364,203.35989010989,1,16.381,1,11.217
0.2,0.28,98,0.625,8.5392,0.375,204.317333333333,1,15.479,1,10.282
0.2,0.28,99,0.643,9.66096423017107,0.357,203.310924369748,1,16.381,1,10.849
0.2,0.28,100,0.657,8.59817351598173,0.343,201.790087463557,1,16.857,1,10.434
0.25,0.373333333333333,1,0.64,8.4,0.36,164.091666666667,1,15.341,1,11.121
0.25,0.373333333333333,2,0.611,8.17675941080196,0.389,164.123393316195,1,14.181,1,11.156
0.25,0.373333333333333,3,0.602,8,0.398,163.778894472362,1,13.497,1,11.072
0.25,0.373333333333333,4,0.595,8.85042016806723,0.405,162.069135802469,1,13.922,1,11.475
0.25,0.373333333333333,5,0.595,9.11764705882353,0.405,165.083950617284,1,13.779,1,11.783
0.25,0.373333333333333,6,0.619,8.60258481421648,0.381,164.044619422572,1,13.829,1,12.141
0.25,0.373333333333333,7,0.613,8.36704730831974,0.387,163.576227390181,1,13.66,1,11.552
0.25,0.373333333333333,8,0.615,9.06829268292683,0.385,166.436363636364,1,13.855,1,12.238
0.25,0.373333333333333,9,0.608,8.51644736842105,0.392,165.533163265306,1,13.306,1,12.111
0.25,0.373333333333333,10,0.606,8.44224422442244,0.394,162.984771573604,1,13.69,1,12.447
0.25,0.373333333333333,11,0.604,8.88245033112583,0.396,164.088383838384,1,13.719,1,12.788
0.25,0.373333333333333,12,0.618,9.67313915857605,0.382,165.120418848168,1,14.761,1,13.111
0.25,0.373333333333333,13,0.593,10.0860033726813,0.407,164.09828009828,1,14.256,1,12.939
0.25,0.373333333333333,14,0.624,10.1137820512821,0.376,165.659574468085,1,14.347,1,13.72
0.25,0.373333333333333,15,0.62,9.88548387096774,0.38,165.763157894737,1,14.517,1,13.735
0.25,0.373333333333333,16,0.6,10.2433333333333,0.4,163.9675,1,14.038,1,13.935
0.25,0.373333333333333,17,0.573,9.39267015706806,0.427,165.786885245902,1,13.595,1,13.837
0.25,0.373333333333333,18,0.638,9.06426332288401,0.362,164.944751381215,1,14.42,1,14
0.25,0.373333333333333,19,0.615,8.84715447154472,0.385,163.831168831169,1,13.902,1,13.028
0.25,0.373333333333333,20,0.586,9.89419795221843,0.414,163.214975845411,1,13.399,1,13.726
0.25,0.373333333333333,21,0.61,9.39180327868852,0.39,163.438461538462,1,13.163,1,14.093
0.25,0.373333333333333,22,0.626,10.1964856230032,0.374,164.112299465241,1,14.101,1,14.533
0.25,0.373333333333333,23,0.589,9.48896434634974,0.411,165.287104622871,1,13.593,1,13.811
0.25,0.373333333333333,24,0.605,10.601652892562,0.395,163.410126582278,1,14.683,1,14.317
0.25,0.373333333333333,25,0.611,9.99018003273322,0.389,164.334190231362,1,14.723,1,14.118
0.25,0.373333333333333,26,0.613,9.30016313213703,0.387,166.165374677003,1,14.155,1,14.192
0.25,0.373333333333333,27,0.614,8.67752442996743,0.386,166.481865284974,1,13.452,1,14.106
0.25,0.373333333333333,28,0.572,9.83916083916084,0.428,165.002336448598,1,13.393,1,13.615
0.25,0.373333333333333,29,0.61,9.71147540983607,0.39,165.035897435897,1,13.838,1,14.019
0.25,0.373333333333333,30,0.594,8.74579124579125,0.406,163.748768472906,1,13.409,1,13.744
0.25,0.373333333333333,31,0.624,8.32211538461539,0.376,164.922872340426,1,13.396,1,13.206
0.25,0.373333333333333,32,0.588,10.5527210884354,0.412,164.919902912621,1,13.847,1,13.631
0.25,0.373333333333333,33,0.569,9.72407732864675,0.431,166.294663573086,1,13.691,1,13.797
0.25,0.373333333333333,34,0.606,10.8250825082508,0.394,162.893401015228,1,14.714,1,14.262
0.25,0.373333333333333,35,0.608,9.26315789473684,0.392,164.257653061224,1,13.861,1,14.132
0.25,0.373333333333333,36,0.603,10.9850746268657,0.397,162.939546599496,1,14.432,1,15.026
0.25,0.373333333333333,37,0.581,9.89672977624785,0.419,164.687350835322,1,14.091,1,14.801
0.25,0.373333333333333,38,0.583,9.33104631217839,0.417,165.007194244604,1,13.523,1,14.089
0.25,0.373333333333333,39,0.601,9.33610648918469,0.399,163.842105263158,1,13.854,1,13.704
0.25,0.373333333333333,40,0.59,9.34067796610169,0.41,164.4,1,13.55,1,13.417
0.25,0.373333333333333,41,0.629,9.17488076311606,0.371,165.326145552561,1,13.837,1,13.407
0.25,0.373333333333333,42,0.6,9.86166666666667,0.4,165.1875,1,13.985,1,12.943
0.25,0.373333333333333,43,0.594,10.4410774410774,0.406,166.381773399015,1,14.505,1,12.577
0.25,0.373333333333333,44,0.634,9.28864353312303,0.366,164.292349726776,1,14.38,1,12.667
0.25,0.373333333333333,45,0.565,9.58761061946903,0.435,166.213793103448,1,13.695,1,12.388
0.25,0.373333333333333,46,0.59,8.60847457627119,0.41,166.146341463415,1,13.481,1,12.123
0.25,0.373333333333333,47,0.593,8.40303541315346,0.407,166.678132678133,1,13.159,1,12.391
0.25,0.373333333333333,48,0.621,8.22061191626409,0.379,166.825857519789,1,13.593,1,12.439
0.25,0.373333333333333,49,0.609,8.8752052545156,0.391,165.386189258312,1,13.313,1,12.781
0.25,0.373333333333333,50,0.597,9.94304857621441,0.403,165.722084367246,1,13.685,1,12.85
0.25,0.373333333333333,51,0.6,9.65666666666667,0.4,164.0725,1,14.279,1,12.809
0.25,0.373333333333333,52,0.598,8.73578595317726,0.402,164.412935323383,1,13.812,1,12.274
0.25,0.373333333333333,53,0.609,8.35303776683087,0.391,164.20716112532,1,13.813,1,12.292
0.25,0.373333333333333,54,0.633,8.19431279620853,0.367,164.193460490463,1,14.227,1,12.14
0.25,0.373333333333333,55,0.587,8.9557069846678,0.413,164.208232445521,1,14.357,1,12.3
0.25,0.373333333333333,56,0.59,9.79830508474576,0.41,165.424390243902,1,13.951,1,12.298
0.25,0.373333333333333,57,0.59,9.88813559322034,0.41,164.795121951219,1,14.569,1,12.476
0.25,0.373333333333333,58,0.62,8.26451612903226,0.38,163.055263157895,1,13.81,1,12.434
0.25,0.373333333333333,59,0.618,9.52427184466019,0.382,165.612565445026,1,13.953,1,12.551
0.25,0.373333333333333,60,0.588,10.4982993197279,0.412,163.325242718447,1,14.58,1,12.917
0.25,0.373333333333333,61,0.596,9.01174496644295,0.404,164.326732673267,1,13.493,1,12.726
0.25,0.373333333333333,62,0.595,8.02352941176471,0.405,165.40987654321,1,13.285,1,12.015
0.25,0.373333333333333,63,0.609,7.79802955665025,0.391,165.271099744246,1,13.629,1,12.407
0.25,0.373333333333333,64,0.596,8.48322147651007,0.404,165.014851485149,1,13.599,1,12.307
0.25,0.373333333333333,65,0.588,8.92176870748299,0.412,166.029126213592,1,14.237,1,12.188
0.25,0.373333333333333,66,0.564,9.64007092198582,0.436,162.685779816514,1,13.583,1,12.297
0.25,0.373333333333333,67,0.615,9.42926829268293,0.385,165.4,1,14.25,1,13.208
0.25,0.373333333333333,68,0.599,9.53255425709516,0.401,165.586034912718,1,13.578,1,13.704
0.25,0.373333333333333,69,0.616,8.00162337662338,0.384,164.627604166667,1,12.54,1,12.967
0.25,0.373333333333333,70,0.595,9.2436974789916,0.405,165.503703703704,1,13.76,1,12.691
0.25,0.373333333333333,71,0.612,8.24673202614379,0.388,162.716494845361,1,13.551,1,11.976
0.25,0.373333333333333,72,0.615,9.27317073170732,0.385,165.761038961039,1,14.121,1,12.905
0.25,0.373333333333333,73,0.593,9.62731871838111,0.407,164.776412776413,1,14.287,1,12.613
0.25,0.373333333333333,74,0.588,9.88945578231293,0.412,165.432038834951,1,14.147,1,12.658
0.25,0.373333333333333,75,0.612,9.47549019607843,0.388,164.600515463918,1,13.772,1,13.079
0.25,0.373333333333333,76,0.591,9.14213197969543,0.409,165.075794621027,1,13.515,1,12.543
0.25,0.373333333333333,77,0.606,9.1947194719472,0.394,162.535532994924,1,14.35,1,12.731
0.25,0.373333333333333,78,0.609,8.21346469622332,0.391,164.061381074169,1,13.375,1,12.012
0.25,0.373333333333333,79,0.594,9.07239057239057,0.406,166.810344827586,1,13.31,1,12.137
0.25,0.373333333333333,80,0.568,9.45246478873239,0.432,163.087962962963,1,13.326,1,12.486
0.25,0.373333333333333,81,0.612,9.62908496732026,0.388,162.920103092784,1,13.642,1,13.301
0.25,0.373333333333333,82,0.591,10.5939086294416,0.409,165.437652811736,1,14.314,1,13.873
0.25,0.373333333333333,83,0.606,9.34158415841584,0.394,164.489847715736,1,13.628,1,13.819
0.25,0.373333333333333,84,0.607,9.02635914332784,0.393,163.460559796438,1,13.706,1,13.392
0.25,0.373333333333333,85,0.609,9.28899835796387,0.391,164.071611253197,1,13.901,1,13.577
0.25,0.373333333333333,86,0.601,10.2063227953411,0.399,164.857142857143,1,14.05,1,13.519
0.25,0.373333333333333,87,0.607,9.38879736408567,0.393,163.010178117048,1,13.882,1,12.981
0.25,0.373333333333333,88,0.588,9.76190476190476,0.412,166.410194174757,1,13.501,1,13.024
0.25,0.373333333333333,89,0.613,9.29037520391517,0.387,163.989664082687,1,13.93,1,13.256
0.25,0.373333333333333,90,0.588,9.49489795918367,0.412,164.419902912621,1,13.42,1,13.239
0.25,0.373333333333333,91,0.589,9.45331069609508,0.411,164.669099756691,1,13.374,1,13.391
0.25,0.373333333333333,92,0.598,9.30602006688963,0.402,165.674129353234,1,13.596,1,13.091
0.25,0.373333333333333,93,0.601,8.58402662229617,0.399,164.513784461153,1,13.422,1,12.448
0.25,0.373333333333333,94,0.599,9.11519198664441,0.401,164.822942643392,1,13.656,1,13.094
0.25,0.373333333333333,95,0.609,8.39080459770115,0.391,165.700767263427,1,13.291,1,12.875
0.25,0.373333333333333,96,0.581,9.77624784853701,0.419,165.08830548926,1,13.877,1,13.24
0.25,0.373333333333333,97,0.589,10.7181663837012,0.411,165.330900243309,1,14.241,1,13.681
0.25,0.373333333333333,98,0.639,9.0735524256651,0.361,163.880886426593,1,14.229,1,13.623
0.25,0.373333333333333,99,0.6,10.2083333333333,0.4,165.5325,1,14.622,1,13.811
0.25,0.373333333333333,100,0.611,9.76759410801964,0.389,164.043701799486,1,14.037,1,13.784
0.3,0.48,1,0.569,10.0579964850615,0.431,139.466357308585,1,13.228,1,13.972
0.3,0.48,2,0.531,10.2806026365348,0.469,139.669509594883,1,12.588,1,14.376
0.3,0.48,3,0.563,9.65186500888099,0.437,140.192219679634,1,12.51,1,14.659
0.3,0.48,4,0.608,9.00328947368421,0.392,139.375,1,12.397,1,14.833
0.3,0.48,5,0.576,9.25868055555556,0.424,138.292452830189,1,11.816,1,14.706
0.3,0.48,6,0.584,9.00513698630137,0.416,142.103365384615,1,11.918,1,14.46
0.3,0.48,7,0.548,9.77007299270073,0.452,139.535398230089,1,12.589,1,14.686
0.3,0.48,8,0.56,9.63571428571429,0.44,139.722727272727,1,12.327,1,15.06
0.3,0.48,9,0.565,9.44247787610619,0.435,138.15632183908,1,12.349,1,15.124
0.3,0.48,10,0.587,9.05962521294719,0.413,140.845036319613,1,12.147,1,15.483
0.3,0.48,11,0.575,10.1982608695652,0.425,138.670588235294,1,12.643,1,15.489
0.3,0.48,12,0.56,10.0589285714286,0.44,140.570454545455,1,12.677,1,15.491
0.3,0.48,13,0.59,8.93898305084746,0.41,139.89512195122,1,12.37,1,15.12
0.3,0.48,14,0.555,9.84684684684685,0.445,139.586516853933,1,12.412,1,15.438
0.3,0.48,15,0.558,9.32974910394265,0.442,139.85520361991,1,12.197,1,15.187
0.3,0.48,16,0.582,9.15979381443299,0.418,138.057416267943,1,11.999,1,15.29
0.3,0.48,17,0.551,9.15970961887477,0.449,138.668151447661,1,11.664,1,15.29
0.3,0.48,18,0.549,9.90163934426229,0.451,138.957871396896,1,11.834,1,15.06
0.3,0.48,19,0.573,9.33507853403141,0.427,139.925058548009,1,12.334,1,15.143
0.3,0.48,20,0.559,10.4722719141324,0.441,138.65306122449,1,12.577,1,15.67
0.3,0.48,21,0.583,9.24528301886792,0.417,138.297362110312,1,12.433,1,16.042
0.3,0.48,22,0.569,10.4340949033392,0.431,139.496519721578,1,12.6,1,16.172
0.3,0.48,23,0.566,11.0194346289753,0.434,140.377880184332,1,12.807,1,16.741
0.3,0.48,24,0.573,10.1640488656195,0.427,139.711943793911,1,12.39,1,16.071
0.3,0.48,25,0.563,9.63232682060391,0.437,139.897025171625,1,12.271,1,15.685
0.3,0.48,26,0.584,8.9041095890411,0.416,139.259615384615,1,12.118,1,15.76
0.3,0.48,27,0.552,9.95833333333333,0.448,141.011160714286,1,11.904,1,15.905
0.3,0.48,28,0.583,8.66209262435678,0.417,139.393285371703,1,11.348,1,15.626
0.3,0.48,29,0.556,10.0053956834532,0.444,140.279279279279,1,12.047,1,15.797
0.3,0.48,30,0.592,9.46452702702703,0.408,139.96568627451,1,12.113,1,15.82
0.3,0.48,31,0.583,10.0188679245283,0.417,139.196642685851,1,12.65,1,15.548
0.3,0.48,32,0.551,10.4900181488203,0.449,139.674832962138,1,12.737,1,15.711
0.3,0.48,33,0.588,10.5799319727891,0.412,138.305825242718,1,13.561,1,16.125
0.3,0.48,34,0.576,10.8940972222222,0.424,139.75,1,13.261,1,15.781
0.3,0.48,35,0.532,10.8609022556391,0.468,137.446581196581,1,12.825,1,15.746
0.3,0.48,36,0.584,10.7465753424658,0.416,139.887019230769,1,12.895,1,16.227
0.3,0.48,37,0.576,10.0746527777778,0.424,139.030660377358,1,12.391,1,16.184
0.3,0.48,38,0.6,8.76833333333333,0.4,139.0925,1,12.111,1,16.294
0.3,0.48,39,0.589,9.46179966044143,0.411,137.209245742092,1,12.321,1,16.4
0.3,0.48,40,0.579,10.2400690846287,0.421,140.425178147268,1,12.609,1,16.58
0.3,0.48,41,0.592,10.2685810810811,0.408,139.257352941176,1,12.429,1,16.587
0.3,0.48,42,0.567,10.1887125220459,0.433,139.454965357968,1,12.314,1,16.539
0.3,0.48,43,0.578,10.9567474048443,0.422,137.741706161137,1,12.901,1,16.839
0.3,0.48,44,0.566,10.7314487632509,0.434,139.092165898618,1,12.479,1,17.069
0.3,0.48,45,0.569,9.89103690685413,0.431,138.972157772622,1,12.187,1,16.939
0.3,0.48,46,0.595,9.69579831932773,0.405,140.012345679012,1,12.409,1,17.089
0.3,0.48,47,0.581,10.6247848537005,0.419,136.763723150358,1,12.623,1,17.011
0.3,0.48,48,0.587,10.7580919931857,0.413,139.38014527845,1,12.694,1,17.133
0.3,0.48,49,0.564,11.145390070922,0.436,138.188073394495,1,13.35,1,17.133
0.3,0.48,50,0.542,12.0940959409594,0.458,139.091703056769,1,13.459,1,17.05
0.3,0.48,51,0.564,12.1719858156028,0.436,139.447247706422,1,13.534,1,17.361
0.3,0.48,52,0.545,11.9119266055046,0.455,139.973626373626,1,12.978,1,16.831
0.3,0.48,53,0.554,10.6480144404332,0.446,139.40134529148,1,12.917,1,16.446
0.3,0.48,54,0.589,8.44142614601019,0.411,139.907542579075,1,12.024,1,15.944
0.3,0.48,55,0.561,8.87344028520499,0.439,139.75854214123,1,11.923,1,15.928
0.3,0.48,56,0.57,10.1421052631579,0.43,139.462790697674,1,12.522,1,16.227
0.3,0.48,57,0.567,8.85537918871252,0.433,138.443418013857,1,11.807,1,15.666
0.3,0.48,58,0.533,10.7317073170732,0.467,138.832976445396,1,12.014,1,16.045
0.3,0.48,59,0.543,11.8766114180479,0.457,140.520787746171,1,12.651,1,16.266
0.3,0.48,60,0.553,10.4339963833635,0.447,140.143176733781,1,11.956,1,16.153
0.3,0.48,61,0.6,10.4683333333333,0.4,139.34,1,12.23,1,16.421
0.3,0.48,62,0.567,10.4144620811287,0.433,139.517321016166,1,12.366,1,16.501
0.3,0.48,63,0.57,9.37719298245614,0.43,140.825581395349,1,12.218,1,15.788
0.3,0.48,64,0.59,9.35593220338983,0.41,140.173170731707,1,12.326,1,15.897
0.3,0.48,65,0.544,10.2849264705882,0.456,138.813596491228,1,12.374,1,16.109
0.3,0.48,66,0.581,10.3545611015491,0.419,139.474940334129,1,12.75,1,16.319
0.3,0.48,67,0.595,10.6319327731092,0.405,139.597530864198,1,13.157,1,16.937
0.3,0.48,68,0.575,10.28,0.425,137.282352941176,1,12.897,1,16.599
0.3,0.48,69,0.586,9.68259385665529,0.414,139.014492753623,1,12.374,1,16.499
0.3,0.48,70,0.56,10.9589285714286,0.44,141.331818181818,1,12.791,1,17.063
0.3,0.48,71,0.585,10.7965811965812,0.415,138.13734939759,1,12.873,1,17.219
0.3,0.48,72,0.582,10.807560137457,0.418,139.968899521531,1,12.924,1,17.578
0.3,0.48,73,0.564,10.7234042553191,0.436,139.561926605505,1,13.204,1,17.637
0.3,0.48,74,0.557,10.048473967684,0.443,139.668171557562,1,12.339,1,17.417
0.3,0.48,75,0.563,10.9449378330373,0.437,138.272311212815,1,12.612,1,17.91
0.3,0.48,76,0.566,10.0971731448763,0.434,139.928571428571,1,12.572,1,18.097
0.3,0.48,77,0.565,10.6353982300885,0.435,140.445977011494,1,12.506,1,18.433
0.3,0.48,78,0.555,10.9279279279279,0.445,140.67191011236,1,12.367,1,17.706
0.3,0.48,79,0.566,11.3763250883392,0.434,138.824884792627,1,12.564,1,17.974
0.3,0.48,80,0.582,10.7783505154639,0.418,139.385167464115,1,12.418,1,17.794
0.3,0.48,81,0.622,8.9903536977492,0.378,139.571428571429,1,11.639,1,17.255
0.3,0.48,82,0.573,9.89877835951134,0.427,140.529274004684,1,12.031,1,17.303
0.3,0.48,83,0.583,9.07718696397942,0.417,137.961630695444,1,11.499,1,17.145
0.3,0.48,84,0.554,9.55054151624549,0.446,141.318385650224,1,11.716,1,17.275
0.3,0.48,85,0.556,10.7571942446043,0.444,139.252252252252,1,12.637,1,17.183
0.3,0.48,86,0.586,9.51023890784983,0.414,140.664251207729,1,12.463,1,16.89
0.3,0.48,87,0.579,9.8825561312608,0.421,140.605700712589,1,12.291,1,16.835
0.3,0.48,88,0.579,10.3851468048359,0.421,139.33729216152,1,13.095,1,16.966
0.3,0.48,89,0.572,10.8356643356643,0.428,141.217289719626,1,13.514,1,17.566
0.3,0.48,90,0.553,11.7613019891501,0.447,140.366890380313,1,13.605,1,18.244
0.3,0.48,91,0.577,11.3604852686308,0.423,138.600472813239,1,13.071,1,18.703
0.3,0.48,92,0.559,10.7960644007156,0.441,139.430839002268,1,12.848,1,18.554
0.3,0.48,93,0.577,10.738301559792,0.423,140.643026004728,1,12.272,1,18.287
0.3,0.48,94,0.575,10.2347826086957,0.425,139.515294117647,1,12.075,1,18.24
0.3,0.48,95,0.583,8.99656946826758,0.417,140.002398081535,1,11.638,1,17.511
0.3,0.48,96,0.567,10.5996472663139,0.433,139.89376443418,1,12.097,1,18.029
0.3,0.48,97,0.56,9.76071428571429,0.44,137.922727272727,1,11.763,1,17.81
0.3,0.48,98,0.566,9.4469964664311,0.434,139.603686635945,1,11.67,1,17.671
0.3,0.48,99,0.574,9.56620209059233,0.426,138.361502347418,1,12.013,1,18.091
0.3,0.48,100,0.563,10.3143872113677,0.437,138.105263157895,1,12.374,1,18.013
0.35,0.603076923076923,1,0.558,9.66487455197133,0.442,121.843891402715,1,11.165,1,18.231
0.35,0.603076923076923,2,0.525,10.5866666666667,0.475,121.690526315789,1,11.195,1,18.573
0.35,0.603076923076923,3,0.538,10.3085501858736,0.462,121.677489177489,1,10.879,1,18.33
0.35,0.603076923076923,4,0.546,9.94322344322344,0.454,122.638766519824,1,10.669,1,18.55
0.35,0.603076923076923,5,0.556,9.37410071942446,0.444,121.943693693694,1,10.658,1,18.474
0.35,0.603076923076923,6,0.541,10.4158964879852,0.459,119.448801742919,1,11.128,1,18.668
0.35,0.603076923076923,7,0.573,10.2233856893543,0.427,120.772833723653,1,11.442,1,19.142
0.35,0.603076923076923,8,0.561,10.1051693404635,0.439,121.97722095672,1,11.577,1,18.829
0.35,0.603076923076923,9,0.552,10.2028985507246,0.448,121.4375,1,11.464,1,19.024
0.35,0.603076923076923,10,0.563,10.01243339254,0.437,120.276887871854,1,11.156,1,19.004
0.35,0.603076923076923,11,0.565,10.4902654867257,0.435,121.016091954023,1,11.242,1,19.63
0.35,0.603076923076923,12,0.569,10.1687170474517,0.431,120.932714617169,1,11.024,1,19.166
0.35,0.603076923076923,13,0.558,10.1218637992832,0.442,121.432126696833,1,10.994,1,18.821
0.35,0.603076923076923,14,0.533,11.4934333958724,0.467,122.37687366167,1,11.831,1,18.976
0.35,0.603076923076923,15,0.555,9.50990990990991,0.445,120.134831460674,1,11.014,1,18.672
0.35,0.603076923076923,16,0.561,9.11229946524064,0.439,120.888382687927,1,10.643,1,18.306
0.35,0.603076923076923,17,0.55,10.0563636363636,0.45,121.384444444444,1,10.921,1,18.532
0.35,0.603076923076923,18,0.583,9.45626072041166,0.417,122.235011990408,1,11.001,1,18.472
0.35,0.603076923076923,19,0.543,10.2173112338858,0.457,120.842450765864,1,11.019,1,18.39
0.35,0.603076923076923,20,0.564,10.8918439716312,0.436,120.293577981651,1,11.49,1,18.69
0.35,0.603076923076923,21,0.54,11.6944444444444,0.46,120.610869565217,1,11.752,1,19.357
0.35,0.603076923076923,22,0.585,11.4683760683761,0.415,123.053012048193,1,11.672,1,20.039
0.35,0.603076923076923,23,0.542,11.3966789667897,0.458,120.659388646288,1,11.119,1,20.054
0.35,0.603076923076923,24,0.555,11.2918918918919,0.445,122.388764044944,1,11.322,1,20.165
0.35,0.603076923076923,25,0.532,10.6503759398496,0.468,120.850427350427,1,10.889,1,19.993
0.35,0.603076923076923,26,0.561,11.1319073083779,0.439,122.186788154897,1,11.508,1,20.733
0.35,0.603076923076923,27,0.531,11.2881355932203,0.469,120.471215351812,1,10.986,1,20.369
0.35,0.603076923076923,28,0.56,10.5803571428571,0.44,121.9,1,11.34,1,20.095
0.35,0.603076923076923,29,0.584,9.85958904109589,0.416,120.966346153846,1,11.21,1,19.956
0.35,0.603076923076923,30,0.531,10.7250470809793,0.469,120.72921108742,1,11.094,1,19.817
0.35,0.603076923076923,31,0.547,10.6892138939671,0.453,119.98233995585,1,10.954,1,20.184
0.35,0.603076923076923,32,0.569,10.2970123022847,0.431,121.348027842227,1,10.97,1,20.34
0.35,0.603076923076923,33,0.561,10.3921568627451,0.439,120.289293849658,1,11.044,1,20.099
0.35,0.603076923076923,34,0.538,10.9814126394052,0.462,120.504329004329,1,10.967,1,20.097
0.35,0.603076923076923,35,0.546,10.3919413919414,0.454,121.270925110132,1,11.01,1,20.235
0.35,0.603076923076923,36,0.558,10.5501792114695,0.442,121.339366515837,1,10.918,1,20.535
0.35,0.603076923076923,37,0.552,10.9891304347826,0.448,118.991071428571,1,11.009,1,20.57
0.35,0.603076923076923,38,0.554,10.3014440433213,0.446,120.677130044843,1,11.082,1,20.185
0.35,0.603076923076923,39,0.576,9.46701388888889,0.424,121.924528301887,1,10.698,1,20.168
0.35,0.603076923076923,40,0.546,10.7069597069597,0.454,122.035242290749,1,10.941,1,20.455
0.35,0.603076923076923,41,0.557,10.8545780969479,0.443,121.525959367946,1,10.704,1,20.462
0.35,0.603076923076923,42,0.559,10.8479427549195,0.441,120.210884353741,1,10.789,1,20.598
0.35,0.603076923076923,43,0.561,11.2406417112299,0.439,120.671981776765,1,10.925,1,20.73
0.35,0.603076923076923,44,0.551,11.9909255898367,0.449,122.367483296214,1,11.551,1,21.059
0.35,0.603076923076923,45,0.541,12.1571164510166,0.459,122.551198257081,1,11.47,1,21.089
0.35,0.603076923076923,46,0.568,10.3961267605634,0.432,122.009259259259,1,10.967,1,21.46
0.35,0.603076923076923,47,0.561,11.9661319073084,0.439,122.728929384966,1,11.755,1,21.347
0.35,0.603076923076923,48,0.539,11.9035250463822,0.461,120.006507592191,1,11.037,1,21.253
0.35,0.603076923076923,49,0.557,11.213644524237,0.443,121.268623024831,1,11.038,1,21.555
0.35,0.603076923076923,50,0.534,12.3295880149813,0.466,119.836909871245,1,10.976,1,21.666
0.35,0.603076923076923,51,0.575,11.2730434782609,0.425,121.2,1,11.211,1,21.655
0.35,0.603076923076923,52,0.546,11.4322344322344,0.454,120.218061674009,1,10.93,1,21.177
0.35,0.603076923076923,53,0.548,11.4872262773723,0.452,121.236725663717,1,10.98,1,21.5
0.35,0.603076923076923,54,0.57,10.2649122807018,0.43,121.548837209302,1,10.746,1,21.288
0.35,0.603076923076923,55,0.543,10.1915285451197,0.457,122.730853391685,1,10.742,1,20.698
0.35,0.603076923076923,56,0.557,10.0197486535009,0.443,122.200902934537,1,10.744,1,20.475
0.35,0.603076923076923,57,0.57,11.3859649122807,0.43,122.076744186047,1,11.385,1,20.775
0.35,0.603076923076923,58,0.533,11.5647279549719,0.467,121.644539614561,1,11.379,1,20.555
0.35,0.603076923076923,59,0.568,11.0862676056338,0.432,121.453703703704,1,11.473,1,20.704
0.35,0.603076923076923,60,0.532,11.5639097744361,0.468,121.598290598291,1,10.897,1,21.001
0.35,0.603076923076923,61,0.54,11.2925925925926,0.46,121.191304347826,1,10.826,1,21.173
0.35,0.603076923076923,62,0.556,11.8435251798561,0.444,120.297297297297,1,11.412,1,21.755
0.35,0.603076923076923,63,0.536,11.1100746268657,0.464,122.256465517241,1,11.065,1,21.123
0.35,0.603076923076923,64,0.521,10.9769673704415,0.479,120.217118997912,1,10.868,1,21.086
0.35,0.603076923076923,65,0.527,11.842504743833,0.473,121.021141649049,1,11.187,1,21.307
0.35,0.603076923076923,66,0.561,10.6702317290553,0.439,121.865603644647,1,11.144,1,20.998
0.35,0.603076923076923,67,0.566,10.8321554770318,0.434,122.847926267281,1,11.132,1,20.847
0.35,0.603076923076923,68,0.54,10.6555555555556,0.46,122.728260869565,1,10.735,1,20.934
0.35,0.603076923076923,69,0.534,11.2659176029963,0.466,120.568669527897,1,10.755,1,21.043
0.35,0.603076923076923,70,0.56,10.675,0.44,122.570454545455,1,10.74,1,20.894
0.35,0.603076923076923,71,0.549,10.6375227686703,0.451,121.372505543237,1,10.612,1,20.794
0.35,0.603076923076923,72,0.524,11.7347328244275,0.476,122.149159663866,1,11.054,1,20.694
0.35,0.603076923076923,73,0.556,11.5557553956835,0.444,122.117117117117,1,11.419,1,20.957
0.35,0.603076923076923,74,0.551,12.2431941923775,0.449,121.712694877506,1,11.799,1,21.02
0.35,0.603076923076923,75,0.549,11.5755919854281,0.451,121.764966740576,1,11.533,1,20.882
0.35,0.603076923076923,76,0.536,10.759328358209,0.464,120.495689655172,1,11.032,1,20.795
0.35,0.603076923076923,77,0.576,10.7291666666667,0.424,122.169811320755,1,11.178,1,20.679
0.35,0.603076923076923,78,0.559,10.5652951699463,0.441,120.952380952381,1,11.363,1,20.308
0.35,0.603076923076923,79,0.509,10.6797642436149,0.491,121.22199592668,1,10.576,1,20.232
0.35,0.603076923076923,80,0.572,9.80244755244755,0.428,121.960280373832,1,10.576,1,20.255
0.35,0.603076923076923,81,0.552,9.82971014492754,0.448,121.540178571429,1,10.554,1,20.236
0.35,0.603076923076923,82,0.571,10.5656742556918,0.429,121.550116550117,1,10.772,1,20.392
0.35,0.603076923076923,83,0.571,9.24518388791594,0.429,121.857808857809,1,10.398,1,19.944
0.35,0.603076923076923,84,0.56,10.625,0.44,120.525,1,11.449,1,19.819
0.35,0.603076923076923,85,0.562,12.0284697508897,0.438,121.08904109589,1,11.786,1,20.545
0.35,0.603076923076923,86,0.553,10.377938517179,0.447,120.342281879195,1,11.077,1,20.147
0.35,0.603076923076923,87,0.532,11.7105263157895,0.468,122.371794871795,1,11.42,1,20.814
0.35,0.603076923076923,88,0.547,11.0493601462523,0.453,122.995584988962,1,11.126,1,20.822
0.35,0.603076923076923,89,0.518,11.2258687258687,0.482,120.663900414938,1,10.649,1,20.877
0.35,0.603076923076923,90,0.524,10.6774809160305,0.476,121.392857142857,1,10.66,1,20.765
0.35,0.603076923076923,91,0.562,10.0551601423488,0.438,120.554794520548,1,10.74,1,20.733
0.35,0.603076923076923,92,0.564,10.4450354609929,0.436,122.630733944954,1,10.669,1,20.901
0.35,0.603076923076923,93,0.558,10.084229390681,0.442,119.493212669683,1,10.61,1,20.994
0.35,0.603076923076923,94,0.581,10.0895008605852,0.419,120.990453460621,1,10.913,1,21.305
0.35,0.603076923076923,95,0.55,11.2945454545455,0.45,120.157777777778,1,11.262,1,20.748
0.35,0.603076923076923,96,0.56,10.5803571428571,0.44,121.970454545455,1,10.659,1,20.782
0.35,0.603076923076923,97,0.56,10.1803571428571,0.44,120.404545454545,1,10.623,1,20.638
0.35,0.603076923076923,98,0.55,10.3763636363636,0.45,121.462222222222,1,10.59,1,20.592
0.35,0.603076923076923,99,0.547,10.6819012797075,0.453,121.236203090508,1,10.805,1,20.906
0.35,0.603076923076923,100,0.556,10.4262589928058,0.444,121.763513513514,1,11.313,1,21.209
0.4,0.746666666666667,1,0.569,9.61687170474517,0.431,107.524361948956,1,10.186,1,21.466
0.4,0.746666666666667,2,0.546,10.7673992673993,0.454,107.094713656388,1,10.383,1,21.977
0.4,0.746666666666667,3,0.552,11.2789855072464,0.448,106.982142857143,1,10.419,1,21.968
0.4,0.746666666666667,4,0.545,10.2422018348624,0.455,108.668131868132,1,9.8,1,21.772
0.4,0.746666666666667,5,0.544,10.5625,0.456,108.089912280702,1,10.148,1,21.391
0.4,0.746666666666667,6,0.547,10.3254113345521,0.453,108.602649006623,1,9.718,1,21.573
0.4,0.746666666666667,7,0.554,10.2725631768953,0.446,107.419282511211,1,10.055,1,21.708
0.4,0.746666666666667,8,0.487,11.911704312115,0.513,106.87134502924,1,10.227,1,21.961
0.4,0.746666666666667,9,0.499,11.6613226452906,0.501,108.151696606786,1,10.078,1,21.766
0.4,0.746666666666667,10,0.543,11.060773480663,0.457,107.002188183807,1,10.592,1,21.945
0.4,0.746666666666667,11,0.504,12.7103174603175,0.496,107.727822580645,1,10.81,1,22.344
0.4,0.746666666666667,12,0.521,11.1938579654511,0.479,108.778705636743,1,10.086,1,21.951
0.4,0.746666666666667,13,0.554,10.913357400722,0.446,107.311659192825,1,10.342,1,22.092
0.4,0.746666666666667,14,0.526,11.1235741444867,0.474,108.194092827004,1,9.847,1,22.162
0.4,0.746666666666667,15,0.543,11.0718232044199,0.457,107.757111597374,1,10.272,1,22.105
0.4,0.746666666666667,16,0.537,10.5307262569832,0.463,107.421166306695,1,9.984,1,21.941
0.4,0.746666666666667,17,0.539,10.7532467532468,0.461,108.275488069414,1,10.245,1,21.874
0.4,0.746666666666667,18,0.564,9.96985815602837,0.436,106.965596330275,1,10.019,1,22.163
0.4,0.746666666666667,19,0.557,10.491921005386,0.443,105.683972911964,1,10.047,1,22.161
0.4,0.746666666666667,20,0.532,10.796992481203,0.468,107.070512820513,1,10.024,1,21.944
0.4,0.746666666666667,21,0.53,10.6245283018868,0.47,107.102127659574,1,9.803,1,22.084
0.4,0.746666666666667,22,0.526,11.032319391635,0.474,106.554852320675,1,9.918,1,21.668
0.4,0.746666666666667,23,0.545,11.005504587156,0.455,108.872527472527,1,10.394,1,21.713
0.4,0.746666666666667,24,0.523,11.2695984703633,0.477,107.595387840671,1,10.016,1,21.704
0.4,0.746666666666667,25,0.524,11.8454198473282,0.476,107.754201680672,1,10.151,1,22.237
0.4,0.746666666666667,26,0.538,10.4684014869888,0.462,107.839826839827,1,9.489,1,22.065
0.4,0.746666666666667,27,0.526,10.9239543726236,0.474,107.033755274262,1,9.968,1,22.007
0.4,0.746666666666667,28,0.53,10.4924528301887,0.47,108.117021276596,1,9.728,1,21.959
0.4,0.746666666666667,29,0.526,10.1368821292776,0.474,107.795358649789,1,9.463,1,21.745
0.4,0.746666666666667,30,0.514,11.1225680933852,0.486,107.485596707819,1,9.85,1,21.918
0.4,0.746666666666667,31,0.509,11.0039292730845,0.491,106.55600814664,1,9.697,1,22.372
0.4,0.746666666666667,32,0.534,9.9812734082397,0.466,108.184549356223,1,9.609,1,22.115
0.4,0.746666666666667,33,0.521,9.86948176583493,0.479,107.344467640919,1,9.486,1,22.152
0.4,0.746666666666667,34,0.524,9.52671755725191,0.476,107.079831932773,1,9.415,1,21.829
0.4,0.746666666666667,35,0.518,10.7895752895753,0.482,108.933609958506,1,10.161,1,22.017
0.4,0.746666666666667,36,0.52,9.775,0.48,108.460416666667,1,9.478,1,21.908
0.4,0.746666666666667,37,0.531,10.5028248587571,0.469,107.599147121535,1,9.871,1,21.714
0.4,0.746666666666667,38,0.526,10.6254752851711,0.474,108.010548523207,1,9.904,1,21.704
0.4,0.746666666666667,39,0.523,10.961759082218,0.477,109.285115303983,1,9.908,1,21.86
0.4,0.746666666666667,40,0.528,10.7537878787879,0.472,107.544491525424,1,9.979,1,22.049
0.4,0.746666666666667,41,0.557,10.5834829443447,0.443,107.453724604966,1,9.935,1,22.455
0.4,0.746666666666667,42,0.534,11.0973782771536,0.466,107.135193133047,1,9.704,1,22.612
0.4,0.746666666666667,43,0.577,10.2686308492201,0.423,107.496453900709,1,10.006,1,22.836
0.4,0.746666666666667,44,0.561,11.1532976827094,0.439,107.646924829157,1,10.302,1,23.1
0.4,0.746666666666667,45,0.54,11.3740740740741,0.46,106.782608695652,1,10.011,1,22.944
0.4,0.746666666666667,46,0.516,11.1182170542636,0.484,109.134297520661,1,9.86,1,22.837
0.4,0.746666666666667,47,0.519,10.8516377649326,0.481,107.409563409563,1,9.649,1,22.482
0.4,0.746666666666667,48,0.534,10.4194756554307,0.466,107.416309012876,1,9.61,1,22.666
0.4,0.746666666666667,49,0.509,11.1944990176817,0.491,107.470468431772,1,9.429,1,22.624
0.4,0.746666666666667,50,0.555,10.6792792792793,0.445,107.042696629213,1,9.998,1,22.854
0.4,0.746666666666667,51,0.537,11.4711359404097,0.463,107.548596112311,1,10.244,1,23.033
0.4,0.746666666666667,52,0.532,11.3684210526316,0.468,107.331196581197,1,10.05,1,22.721
0.4,0.746666666666667,53,0.533,12.0637898686679,0.467,107.663811563169,1,10.401,1,23.113
0.4,0.746666666666667,54,0.513,11.9220272904483,0.487,107.328542094456,1,10.101,1,23.306
0.4,0.746666666666667,55,0.552,10.9891304347826,0.448,107.167410714286,1,10.021,1,23.401
0.4,0.746666666666667,56,0.518,12.7876447876448,0.482,107.817427385892,1,10.563,1,23.547
0.4,0.746666666666667,57,0.546,11.0695970695971,0.454,108.522026431718,1,10.015,1,23.337
0.4,0.746666666666667,58,0.561,10.7147950089127,0.439,107.615034168565,1,10.013,1,23.578
0.4,0.746666666666667,59,0.558,10.2939068100358,0.442,108.024886877828,1,9.667,1,23.343
0.4,0.746666666666667,60,0.54,11.5055555555556,0.46,107.782608695652,1,10.127,1,23.62
0.4,0.746666666666667,61,0.562,10.1672597864769,0.438,106.025114155251,1,9.629,1,23.696
0.4,0.746666666666667,62,0.525,11.3066666666667,0.475,108.149473684211,1,9.706,1,23.732
0.4,0.746666666666667,63,0.54,11.0018518518519,0.46,107.239130434783,1,9.876,1,23.479
0.4,0.746666666666667,64,0.53,11.9679245283019,0.47,109.478723404255,1,10.174,1,23.684
0.4,0.746666666666667,65,0.538,11.1765799256506,0.462,106.443722943723,1,10.061,1,23.703
0.4,0.746666666666667,66,0.553,10.8336347197107,0.447,108.20581655481,1,10.019,1,23.523
0.4,0.746666666666667,67,0.545,11.7743119266055,0.455,107.452747252747,1,10.683,1,23.542
0.4,0.746666666666667,68,0.58,11.5931034482759,0.42,107.07619047619,1,10.682,1,23.884
0.4,0.746666666666667,69,0.536,11.7369402985075,0.464,107.040948275862,1,10.458,1,24.301
0.4,0.746666666666667,70,0.532,12.7988721804511,0.468,107.299145299145,1,10.741,1,24.417
0.4,0.746666666666667,71,0.514,12.5233463035019,0.486,108.393004115226,1,10.365,1,24.318
0.4,0.746666666666667,72,0.542,11.7730627306273,0.458,107.288209606987,1,10.208,1,24.509
0.4,0.746666666666667,73,0.549,11.2531876138434,0.451,107.119733924612,1,9.802,1,24.519
0.4,0.746666666666667,74,0.527,11.3055028462998,0.473,108.545454545455,1,9.556,1,24.47
0.4,0.746666666666667,75,0.532,11.0338345864662,0.468,107.769230769231,1,9.591,1,24.215
0.4,0.746666666666667,76,0.543,10.5561694290976,0.457,108.792122538293,1,9.55,1,24.024
0.4,0.746666666666667,77,0.554,11.1516245487365,0.446,107.997757847534,1,9.704,1,23.972
0.4,0.746666666666667,78,0.504,12.1587301587302,0.496,107.197580645161,1,9.702,1,23.983
0.4,0.746666666666667,79,0.543,11.3057090239411,0.457,108.059080962801,1,9.81,1,23.871
0.4,0.746666666666667,80,0.549,12.5664845173042,0.451,108.731707317073,1,10.879,1,24.2
0.4,0.746666666666667,81,0.54,11.7481481481481,0.46,107.484782608696,1,9.926,1,24.553
0.4,0.746666666666667,82,0.564,10.4343971631206,0.436,108.126146788991,1,9.666,1,24.341
0.4,0.746666666666667,83,0.514,11.5544747081712,0.486,109.148148148148,1,9.649,1,24.3
0.4,0.746666666666667,84,0.532,11.3327067669173,0.468,107.929487179487,1,10.089,1,24.062
0.4,0.746666666666667,85,0.531,11.7156308851224,0.469,107.371002132196,1,10.274,1,24.219
0.4,0.746666666666667,86,0.555,11.0234234234234,0.445,106.995505617978,1,10.294,1,24.162
0.4,0.746666666666667,87,0.542,11.9612546125461,0.458,107.504366812227,1,10.467,1,24.392
0.4,0.746666666666667,88,0.549,12.2331511839709,0.451,106.811529933481,1,10.506,1,24.574
0.4,0.746666666666667,89,0.543,11.7605893186004,0.457,107.446389496718,1,10.289,1,24.697
0.4,0.746666666666667,90,0.55,12.3745454545455,0.45,107.928888888889,1,10.316,1,24.709
0.4,0.746666666666667,91,0.52,12.7865384615385,0.48,108.522916666667,1,10.102,1,24.509
0.4,0.746666666666667,92,0.552,11.2409420289855,0.448,107.631696428571,1,10.182,1,24.588
0.4,0.746666666666667,93,0.508,11.992125984252,0.492,107.567073170732,1,10.302,1,24.717
0.4,0.746666666666667,94,0.537,11.3500931098696,0.463,107.444924406048,1,10.117,1,24.656
0.4,0.746666666666667,95,0.537,12.4953445065177,0.463,106.75161987041,1,10.746,1,24.739
0.4,0.746666666666667,96,0.533,12.375234521576,0.467,108.481798715203,1,10.414,1,24.774
0.4,0.746666666666667,97,0.534,12.440074906367,0.466,107.62660944206,1,10.483,1,24.889
0.4,0.746666666666667,98,0.567,11.5326278659612,0.433,108.279445727483,1,10.186,1,24.962
0.4,0.746666666666667,99,0.535,11.8953271028037,0.465,108.554838709677,1,10.058,1,24.806
0.4,0.746666666666667,100,0.558,11.7222222222222,0.442,108.260180995475,1,10.128,1,25.018
0.45,0.916363636363636,1,0.563,10.7069271758437,0.437,96.2425629290618,1,9.386,1,25.379
0.45,0.916363636363636,2,0.578,10.6660899653979,0.422,96.3507109004739,1,9.292,1,25.728
0.45,0.916363636363636,3,0.524,11.4618320610687,0.476,96.7457983193277,1,9.305,1,25.724
0.45,0.916363636363636,4,0.519,10.9980732177264,0.481,96.3305613305613,1,8.872,1,25.843
0.45,0.916363636363636,5,0.53,10.8037735849057,0.47,96.2744680851064,1,9.062,1,25.803
0.45,0.916363636363636,6,0.525,10.7161904761905,0.475,96.6484210526316,1,9.012,1,25.691
0.45,0.916363636363636,7,0.516,11.422480620155,0.484,96.2913223140496,1,9.01,1,25.87
0.45,0.916363636363636,8,0.565,9.88849557522124,0.435,96.8896551724138,1,9.037,1,25.986
0.45,0.916363636363636,9,0.567,10.0335097001764,0.433,98.0739030023095,1,8.726,1,26.106
0.45,0.916363636363636,10,0.513,12.2183235867446,0.487,97.3737166324435,1,9.618,1,26.326
0.45,0.916363636363636,11,0.533,11.7204502814259,0.467,96.96573875803,1,9.568,1,26.714
0.45,0.916363636363636,12,0.554,10.971119133574,0.446,96.804932735426,1,9.294,1,26.636
0.45,0.916363636363636,13,0.533,11.1388367729831,0.467,97.2869379014989,1,9.137,1,26.979
0.45,0.916363636363636,14,0.531,10.9265536723164,0.469,95.2835820895522,1,8.848,1,27.22
0.45,0.916363636363636,15,0.547,10.7714808043876,0.453,97.4105960264901,1,9.05,1,27.232
0.45,0.916363636363636,16,0.522,12.044061302682,0.478,97.2008368200837,1,9.309,1,27.326
0.45,0.916363636363636,17,0.536,11.7910447761194,0.464,97.6056034482759,1,9.289,1,27.469
0.45,0.916363636363636,18,0.525,12.1542857142857,0.475,96.5789473684211,1,9.243,1,27.38
0.45,0.916363636363636,19,0.545,11.6788990825688,0.455,96.6549450549451,1,9.194,1,27.322
0.45,0.916363636363636,20,0.535,11.9252336448598,0.465,98.0688172043011,1,9.241,1,27.538
0.45,0.916363636363636,21,0.542,11.5092250922509,0.458,97.0109170305677,1,9.137,1,27.587
0.45,0.916363636363636,22,0.53,11.2698113207547,0.47,96.4297872340425,1,8.935,1,27.702
0.45,0.916363636363636,23,0.522,11.8314176245211,0.478,96.397489539749,1,9.185,1,28.027
0.45,0.916363636363636,24,0.537,11.9497206703911,0.463,97.1123110151188,1,9.339,1,28.291
0.45,0.916363636363636,25,0.538,12.003717472119,0.462,96.7229437229437,1,9.187,1,28.336
0.45,0.916363636363636,26,0.522,12.5708812260536,0.478,97.6799163179916,1,9.314,1,28.598
0.45,0.916363636363636,27,0.539,12.6363636363636,0.461,96.117136659436,1,9.37,1,28.725
0.45,0.916363636363636,28,0.527,12.1650853889943,0.473,97.1014799154334,1,8.967,1,28.774
0.45,0.916363636363636,29,0.52,12.1519230769231,0.48,96.8020833333333,1,8.942,1,28.5
0.45,0.916363636363636,30,0.537,12.340782122905,0.463,97.4038876889849,1,9.237,1,28.329
0.45,0.916363636363636,31,0.523,11.9713193116635,0.477,96.8280922431866,1,9.095,1,28.299
0.45,0.916363636363636,32,0.522,12.1340996168582,0.478,97.6903765690377,1,8.961,1,28.269
0.45,0.916363636363636,33,0.533,11.765478424015,0.467,96.644539614561,1,8.887,1,28.131
0.45,0.916363636363636,34,0.536,12.7705223880597,0.464,96.3577586206897,1,9.888,1,28.17
0.45,0.916363636363636,35,0.498,13.9397590361446,0.502,96.6932270916335,1,9.775,1,28.247
0.45,0.916363636363636,36,0.54,12.6851851851852,0.46,96.2521739130435,1,9.706,1,28.597
0.45,0.916363636363636,37,0.572,11.8024475524476,0.428,96.0724299065421,1,9.369,1,28.8
0.45,0.916363636363636,38,0.513,13.3021442495127,0.487,95.2710472279261,1,9.241,1,28.986
0.45,0.916363636363636,39,0.513,13.1617933723197,0.487,96.917864476386,1,9.139,1,29.038
0.45,0.916363636363636,40,0.524,12.6068702290076,0.476,97.8886554621849,1,9.202,1,29.111
0.45,0.916363636363636,41,0.519,12.9672447013487,0.481,96.2515592515593,1,9.421,1,29.183
0.45,0.916363636363636,42,0.539,13.3747680890538,0.461,96.0954446854664,1,9.782,1,29.594
0.45,0.916363636363636,43,0.518,12.9942084942085,0.482,97.0995850622407,1,9.158,1,29.727
0.45,0.916363636363636,44,0.547,12.9378427787934,0.453,96.2008830022075,1,9.518,1,29.94
0.45,0.916363636363636,45,0.51,13.7411764705882,0.49,96.6061224489796,1,9.478,1,30.188
0.45,0.916363636363636,46,0.52,12.9942307692308,0.48,95.9666666666667,1,9.335,1,30.179
0.45,0.916363636363636,47,0.535,12.8710280373832,0.465,96.7010752688172,1,9.52,1,30.225
0.45,0.916363636363636,48,0.515,14.2097087378641,0.485,96.5896907216495,1,9.769,1,30.252
0.45,0.916363636363636,49,0.518,12.8996138996139,0.482,96.1203319502075,1,9.171,1,30.149
0.45,0.916363636363636,50,0.534,12.9250936329588,0.466,97.0472103004292,1,9.366,1,29.993
0.45,0.916363636363636,51,0.504,13.4623015873016,0.496,95.2620967741936,1,9.144,1,30.14
0.45,0.916363636363636,52,0.543,13.3259668508287,0.457,96.9540481400438,1,9.527,1,30.233
0.45,0.916363636363636,53,0.524,13.5648854961832,0.476,97.0147058823529,1,9.455,1,30.169
0.45,0.916363636363636,54,0.522,13.2088122605364,0.478,96.9874476987448,1,9.306,1,30.271
0.45,0.916363636363636,55,0.513,13.9454191033138,0.487,96.0143737166324,1,9.554,1,30.25
0.45,0.916363636363636,56,0.52,12.2307692307692,0.48,97.6895833333333,1,8.835,1,30.195
0.45,0.916363636363636,57,0.524,13.6335877862595,0.476,97.1239495798319,1,9.571,1,30.31
0.45,0.916363636363636,58,0.538,12.8587360594796,0.462,96.7640692640693,1,9.291,1,30.406
0.45,0.916363636363636,59,0.527,12.7362428842505,0.473,96.262156448203,1,9.198,1,30.325
0.45,0.916363636363636,60,0.554,12.2942238267148,0.446,96.8766816143498,1,9.198,1,30.277
0.45,0.916363636363636,61,0.507,12.6232741617357,0.493,96.5456389452333,1,8.978,1,29.852
0.45,0.916363636363636,62,0.528,12.4791666666667,0.472,97.2902542372881,1,9.147,1,29.984
0.45,0.916363636363636,63,0.516,13.1686046511628,0.484,96.8057851239669,1,9.292,1,29.803
0.45,0.916363636363636,64,0.535,13.4205607476636,0.465,97.4688172043011,1,9.457,1,29.987
0.45,0.916363636363636,65,0.541,13.6247689463956,0.459,97.2440087145969,1,9.721,1,30.112
0.45,0.916363636363636,66,0.534,12.3820224719101,0.466,97.8755364806867,1,9.061,1,30.309
0.45,0.916363636363636,67,0.529,12.34404536862,0.471,98.3651804670913,1,9.06,1,30.256
0.45,0.916363636363636,68,0.538,12.8791821561338,0.462,96.482683982684,1,9.38,1,30.414
0.45,0.916363636363636,69,0.532,13.1823308270677,0.468,97.4017094017094,1,9.557,1,30.399
0.45,0.916363636363636,70,0.53,12.5811320754717,0.47,96.2744680851064,1,9.046,1,30.201
0.45,0.916363636363636,71,0.535,12.5046728971963,0.465,96.7010752688172,1,9.139,1,30.316
0.45,0.916363636363636,72,0.52,13.0346153846154,0.48,96.7604166666667,1,9.307,1,30.428
0.45,0.916363636363636,73,0.509,13.5854616895874,0.491,96.5763747454175,1,9.351,1,30.673
0.45,0.916363636363636,74,0.513,13.4756335282651,0.487,96.7166324435318,1,9.132,1,30.624
0.45,0.916363636363636,75,0.553,12.2712477396022,0.447,96.9798657718121,1,8.879,1,30.709
0.45,0.916363636363636,76,0.526,12.9809885931559,0.474,95.8227848101266,1,8.942,1,30.742
0.45,0.916363636363636,77,0.51,14.2627450980392,0.49,97.2959183673469,1,9.614,1,30.985
0.45,0.916363636363636,78,0.524,14.3721374045802,0.476,96.3466386554622,1,9.883,1,31.188
0.45,0.916363636363636,79,0.539,14.0055658627087,0.461,97.1691973969631,1,9.833,1,31.406
0.45,0.916363636363636,80,0.546,13.7142857142857,0.454,96.0176211453744,1,9.631,1,31.591
0.45,0.916363636363636,81,0.489,15.4580777096115,0.511,95.7847358121331,1,9.765,1,31.571
0.45,0.916363636363636,82,0.516,14.8255813953488,0.484,95.9235537190083,1,9.959,1,31.717
0.45,0.916363636363636,83,0.529,14.2533081285444,0.471,96.6454352441614,1,9.944,1,31.807
0.45,0.916363636363636,84,0.518,13.6467181467181,0.482,98.2676348547718,1,9.198,1,31.706
0.45,0.916363636363636,85,0.518,13.8590733590734,0.482,95.2344398340249,1,9.328,1,31.718
0.45,0.916363636363636,86,0.521,13.1036468330134,0.479,97.3173277661795,1,8.807,1,31.492
0.45,0.916363636363636,87,0.556,12.955035971223,0.444,96.7004504504504,1,9.32,1,31.616
0.45,0.916363636363636,88,0.527,14.1404174573055,0.473,97.0930232558139,1,9.492,1,31.627
0.45,0.916363636363636,89,0.523,14.4168260038241,0.477,97.9748427672956,1,9.563,1,31.676
0.45,0.916363636363636,90,0.552,13.2228260869565,0.448,97.03125,1,9.373,1,31.327
0.45,0.916363636363636,91,0.514,14.5077821011673,0.486,97.1358024691358,1,9.858,1,31.157
0.45,0.916363636363636,92,0.511,14.6242661448141,0.489,96.9529652351738,1,9.98,1,31.064
0.45,0.916363636363636,93,0.512,13.900390625,0.488,97.0553278688525,1,9.211,1,31.2
0.45,0.916363636363636,94,0.545,13.2733944954128,0.455,97.7582417582418,1,9.329,1,31.295
0.45,0.916363636363636,95,0.526,13.6825095057034,0.474,95.7447257383966,1,9.314,1,31.123
0.45,0.916363636363636,96,0.545,13.6935779816514,0.455,95.0593406593407,1,9.78,1,30.964
0.45,0.916363636363636,97,0.529,13.992438563327,0.471,97.6348195329087,1,9.579,1,31.075
0.45,0.916363636363636,98,0.528,13.8238636363636,0.472,96.4576271186441,1,9.399,1,31.11
0.45,0.916363636363636,99,0.528,14.0170454545455,0.472,96.521186440678,1,9.574,1,31.309
0.45,0.916363636363636,100,0.519,14.4200385356455,0.481,96.8773388773389,1,9.455,1,31.18
