SeedDensity,PlantDensity,Run,pEscape,timeEscape,pExtinct,timeExtinct,pRWplant,timeRWplant,pRRplant,timeRRplant
80,1,1,0.299,18.6053511705686,0.701,Inf,1,18.8979591836735,1,1.4
80,1,2,0.322,8.77133655394525,0.678,Inf,1,17.0595611285266,1,1.5
80,1,3,0.306,6.02373247033441,0.694,Inf,1,18.5766666666667,1,1.83333333333333
80,1,4,0.328,4.1609561752988,0.672,Inf,1,16.2274143302181,1,1.75
80,1,5,0.321,3.55647208121827,0.679,Inf,1,17.6656151419558,1,1.25
80,1,6,0.327,2.91539674198634,0.673,Inf,1,17.108024691358,1,1.5
80,1,7,0.327,2.30448430493274,0.673,Inf,1,15.8947368421053,1,1.2
80,1,8,0.321,2.2359858878871,0.679,Inf,1,18.0825396825397,1,1.33333333333333
80,1,9,0.313,1.80935754189944,0.687,Inf,1,16.8534201954397,1,1.25
80,1,10,0.307,1.4727215389467,0.693,Inf,1,15.4916943521595,1,1.16666666666667
80,1,11,0.329,1.46628571428571,0.671,Inf,1,15.7723076923077,1,1.5
80,1,12,0.341,1.47071075240823,0.659,Inf,1,16.874251497006,1,1.66666666666667
80,1,13,0.305,1.23950795947902,0.695,Inf,1,17.1571906354515,1,1.5
80,1,14,0.343,1.29984406326576,0.657,Inf,1,17.2908011869436,1,1.28571428571429
80,1,15,0.296,1.12852664576802,0.704,Inf,1,18.3605442176871,1,1
80,1,16,0.341,0.969957081545064,0.659,Inf,1,14.8149253731343,1,1.5
80,1,17,0.303,0.85190642843986,0.697,Inf,1,15.597972972973,1,1.14285714285714
80,1,18,0.32,0.933901548095321,0.68,Inf,1,16.9778481012658,1,1
80,1,19,0.317,0.887240356083086,0.683,Inf,1,17.1757188498403,1,1.28571428571429
80,1,20,0.322,0.873669380087664,0.678,Inf,1,17.5377358490566,1,1
80,1,21,0.309,0.855009705838435,0.691,Inf,1,18.6449511400651,1,1
80,1,22,0.322,0.755805670323408,0.678,Inf,1,16.565625,1,1.66666666666667
80,1,23,0.316,0.779004771642808,0.684,Inf,1,18.4595469255663,1,1.375
80,1,24,0.298,0.70653740338006,0.702,Inf,1,18.3788395904437,1,1.6
80,1,25,0.318,0.735882278958622,0.682,Inf,1,18.552380952381,1,2.33333333333333
80,1,26,0.317,0.651910982099661,0.683,Inf,1,17.25,1,1.5
80,1,27,0.328,0.731154025127966,0.672,Inf,1,19.4396284829721,1,1.16666666666667
80,1,28,0.313,0.59658772028286,0.687,Inf,1,17.1877022653722,1,1
80,1,29,0.295,0.504780530204259,0.705,Inf,1,15.8430034129693,1,1.66666666666667
80,1,30,0.323,0.561246982260943,0.677,Inf,1,16.7924528301887,1,1.4
80,1,31,0.321,0.55178716490658,0.679,Inf,1,17.3130990415335,1,1.875
80,1,32,0.337,0.627000490918017,0.663,Inf,1,19.1591591591592,1,1.5
80,1,33,0.315,0.504857142857143,0.685,Inf,1,17.0838709677419,1,1
80,1,34,0.321,0.505406154699196,0.679,Inf,1,17.2784810126582,1,1.66666666666667
80,1,35,0.31,0.451082562213638,0.69,Inf,1,16.288961038961,1,1.5
80,1,36,0.324,0.443910955914448,0.676,Inf,1,15.7826086956522,1,1.33333333333333
80,1,37,0.294,0.419184611456294,0.706,Inf,1,17.1219512195122,1,1.5
80,1,38,0.306,0.482455412691829,0.694,Inf,1,19.2990033222591,1,1.33333333333333
80,1,39,0.312,0.469798657718121,0.688,Inf,1,18.9575163398693,1,1.375
80,1,40,0.33,0.438528786327479,0.67,Inf,1,17.1635802469136,1,1.14285714285714
80,1,41,0.308,0.398462129950019,0.692,Inf,1,17.0197368421053,1,1.8
80,1,42,0.311,0.408455992790628,0.689,Inf,1,17.9701986754967,1,1.3
80,1,43,0.354,0.482955376737381,0.646,Inf,1,18.8514285714286,1,1
80,1,44,0.311,0.362062799513626,0.689,Inf,1,16.4220779220779,1,1.33333333333333
80,1,45,0.298,0.328944603963863,0.702,Inf,1,15.9118644067797,1,1
80,1,46,0.318,0.374254983900802,0.682,Inf,1,17.4903846153846,1,1
80,1,47,0.32,0.33250653616679,0.68,Inf,1,15.7174603174603,1,1.66666666666667
80,1,48,0.305,0.322559453422678,0.695,Inf,1,16.4915824915825,1,1.5
80,1,49,0.302,0.352228807008503,0.698,Inf,1,18.1661129568106,1,0.666666666666667
80,1,50,0.319,0.371078709840308,0.681,Inf,1,18.5917721518987,1,1.33333333333333
80,1,51,0.311,0.341463414634146,0.689,Inf,1,17.9025974025974,1,0.75
80,1,52,0.322,0.329813061422675,0.678,Inf,1,17.025078369906,1,1
80,1,53,0.313,0.301983441539103,0.687,Inf,1,16.2926045016077,1,1.5
80,1,54,0.31,0.295982221182525,0.69,Inf,1,16.5130718954248,1,1.8
80,1,55,0.323,0.300654345080932,0.677,Inf,1,16.4012539184953,1,1.5
80,1,56,0.354,0.346590909090909,0.646,Inf,1,17.6246418338109,1,2
80,1,57,0.283,0.283847389113461,0.717,Inf,1,18.4136690647482,1,1.4
80,1,58,0.331,0.302936378466558,0.669,Inf,1,17.1604938271605,1,1.44444444444444
80,1,59,0.303,0.268175252768416,0.697,Inf,1,16.9491525423729,1,1.55555555555556
80,1,60,0.325,0.315227679040909,0.675,Inf,1,18.71875,1,1
80,1,61,0.296,0.262710986848918,0.704,Inf,1,17.3037542662116,1,1.25
80,1,62,0.312,0.273514725364313,0.688,Inf,1,17.4123376623377,1,1.25
80,1,63,0.32,0.282863732076607,0.68,Inf,1,17.9299363057325,1,2
80,1,64,0.301,0.274411023855386,0.699,Inf,1,18.7533783783784,1,1
80,1,65,0.328,0.285832320777643,0.672,Inf,1,18.1702786377709,1,2.4
80,1,66,0.319,0.271274049966498,0.681,Inf,1,18.0254777070064,1,1.5
80,1,67,0.319,0.244472728986942,0.681,Inf,1,16.4018987341772,1,1
80,1,68,0.313,0.26140481278454,0.687,Inf,1,18.1974110032362,1,1
80,1,69,0.343,0.257396314417669,0.657,Inf,1,16.5870206489676,1,1.4
80,1,70,0.307,0.233676046176046,0.693,Inf,1,17.0197368421053,1,2.66666666666667
80,1,71,0.32,0.267291963015647,0.68,Inf,1,19.003164556962,1,2
80,1,72,0.303,0.206938900828984,0.697,Inf,1,15.8918918918919,1,1.875
80,1,73,0.338,0.248692570341877,0.662,Inf,1,17.1582089552239,1,1.75
80,1,74,0.324,0.249733600443289,0.676,Inf,1,18.290625,1,1.4
80,1,75,0.312,0.242207546376141,0.688,Inf,1,18.6785714285714,1,1.2
80,1,76,0.316,0.246128938519656,0.684,Inf,1,19.2142857142857,1,1.375
80,1,77,0.313,0.221457257601836,0.687,Inf,1,17.4225806451613,1,1
80,1,78,0.295,0.207879499534356,0.705,Inf,1,17.6254295532646,1,1.2
80,1,79,0.319,0.209306044131756,0.681,Inf,1,16.5601265822785,1,1
80,1,80,0.335,0.238846593822729,0.665,Inf,1,18.1741741741742,1,1.5
80,1,81,0.318,0.195683509291363,0.682,Inf,1,16.0223642172524,1,1.6
80,1,82,0.319,0.218254579036478,0.681,Inf,1,18.0477707006369,1,1
80,1,83,0.318,0.193415950733673,0.682,Inf,1,16.1333333333333,1,2
80,1,84,0.308,0.214774179003532,0.692,Inf,1,18.7344262295082,1,0.8
80,1,85,0.314,0.204953951277481,0.686,Inf,1,17.8831168831169,1,1.83333333333333
80,1,86,0.303,0.200066101134736,0.697,Inf,1,18.14,1,1.75
80,1,87,0.29,0.177173794556884,0.71,Inf,1,17,1,3.5
80,1,88,0.328,0.20553700312399,0.672,Inf,1,17.5490797546012,1,1.5
80,1,89,0.301,0.18316163410302,0.699,Inf,1,17.2919463087248,1,1
80,1,90,0.303,0.161564685621903,0.697,Inf,1,15.4966216216216,1,1.42857142857143
80,1,91,0.32,0.184200465714385,0.68,Inf,1,17.1003236245955,1,1.45454545454545
80,1,92,0.318,0.204049362345743,0.682,Inf,1,18.8285714285714,1,1.66666666666667
80,1,93,0.322,0.171352803182266,0.678,Inf,1,15.8270440251572,1,1.75
80,1,94,0.281,0.165757392065737,0.719,Inf,1,17.8115942028986,1,1.16666666666667
80,1,95,0.31,0.152779629382749,0.69,Inf,1,14.9153094462541,1,1.66666666666667
80,1,96,0.291,0.168113550090774,0.709,Inf,1,17.6055363321799,1,2.5
80,1,97,0.31,0.179415128247018,0.69,Inf,1,17.9704918032787,1,1.83333333333333
80,1,98,0.32,0.179822150363783,0.68,Inf,1,17.5362776025237,1,0.75
80,1,99,0.328,0.171087575592743,0.672,Inf,1,16.5807453416149,1,1.25
80,1,100,0.3,0.147244319082179,0.7,Inf,1,15.6329966329966,1,1
120,1.5,1,0.386,0.202865020758723,0.614,Inf,1,16.738219895288,1,1.5
120,1.5,2,0.416,0.21132697366336,0.584,Inf,1,16.1747572815534,1,1
120,1.5,3,0.429,0.236617754254746,0.571,Inf,1,17.7852028639618,1,1.4
120,1.5,4,0.394,0.204417963426616,0.606,Inf,1,16.7447916666667,1,1.83333333333333
120,1.5,5,0.412,0.196399708427091,0.588,Inf,1,15.243842364532,1,1.33333333333333
120,1.5,6,0.365,0.176718537064621,0.635,Inf,1,15.5530726256983,1,1.125
120,1.5,7,0.387,0.195290463664311,0.613,Inf,1,16.4664879356568,1,1.4
120,1.5,8,0.398,0.193008588723735,0.602,Inf,1,15.5102040816327,1,1.57142857142857
120,1.5,9,0.404,0.187113745127246,0.596,Inf,1,14.8140703517588,1,1.2
120,1.5,10,0.382,0.18340569834881,0.618,Inf,1,15.2612137203166,1,1
120,1.5,11,0.419,0.18388108896143,0.581,Inf,1,13.966265060241,1,1.28571428571429
120,1.5,12,0.429,0.227331790954901,0.571,Inf,1,16.9715639810427,1,1.57142857142857
120,1.5,13,0.389,0.203245333248819,0.611,Inf,1,16.7180156657963,1,1.66666666666667
120,1.5,14,0.379,0.188096219059994,0.621,Inf,1,15.8133333333333,1,1.2
120,1.5,15,0.41,0.20688999461224,0.59,Inf,1,16.1361386138614,1,1.33333333333333
120,1.5,16,0.383,0.184007859791462,0.617,Inf,1,15.2657894736842,1,1.4
120,1.5,17,0.381,0.182581687953602,0.619,Inf,1,15.5663956639566,1,1.41666666666667
120,1.5,18,0.399,0.196938484454727,0.601,Inf,1,15.9076923076923,1,1.11111111111111
120,1.5,19,0.376,0.175577599594333,0.624,Inf,1,14.8870967741935,1,0.666666666666667
120,1.5,20,0.368,0.179729344277882,0.632,Inf,1,15.7222222222222,1,1.27272727272727
120,1.5,21,0.385,0.204956739454252,0.615,Inf,1,17.0316622691293,1,1.85714285714286
120,1.5,22,0.402,0.209995879948024,0.598,Inf,1,16.6356783919598,1,1.16666666666667
120,1.5,23,0.377,0.176433302697049,0.623,Inf,1,14.9008042895442,1,2
120,1.5,24,0.374,0.195797546984439,0.626,Inf,1,16.6415094339623,1,1.33333333333333
120,1.5,25,0.372,0.182011219218458,0.628,Inf,1,15.728021978022,1,1.90909090909091
120,1.5,26,0.386,0.209678952872944,0.614,Inf,1,17.2291666666667,1,0.6
120,1.5,27,0.399,0.208759864355212,0.601,Inf,1,16.6607594936709,1,1.4
120,1.5,28,0.385,0.183152156688746,0.615,Inf,1,15.4144385026738,1,1.25
120,1.5,29,0.389,0.195607390739391,0.611,Inf,1,16.0546875,1,1.4
120,1.5,30,0.368,0.168858745602637,0.632,Inf,1,14.9213483146067,1,1.30769230769231
120,1.5,31,0.398,0.182740151491142,0.602,Inf,1,14.6539440203562,1,1.4
120,1.5,32,0.364,0.219598770322949,0.636,Inf,1,19.3809523809524,1,1.27272727272727
120,1.5,33,0.403,0.202484708268627,0.597,Inf,1,16.0680100755668,1,1.57142857142857
120,1.5,34,0.372,0.18277184419865,0.628,Inf,1,15.6494565217391,1,1.66666666666667
120,1.5,35,0.419,0.21101004658828,0.581,Inf,1,16.2420537897311,1,1.45454545454545
120,1.5,36,0.372,0.18356416188635,0.628,Inf,1,15.7629427792916,1,1.4
120,1.5,37,0.375,0.175419136056793,0.625,Inf,1,14.9486486486486,1,0.857142857142857
120,1.5,38,0.419,0.20482996862422,0.581,Inf,1,15.7048780487805,1,2.5
120,1.5,39,0.382,0.201755775995943,0.618,Inf,1,16.9095744680851,1,1.28571428571429
120,1.5,40,0.357,0.177289005799765,0.643,Inf,1,15.8721590909091,1,1.4
120,1.5,41,0.372,0.204227807181568,0.628,Inf,1,17.6620879120879,1,1.7
120,1.5,42,0.385,0.173168953823725,0.615,Inf,1,14.3984168865435,1,1.14285714285714
120,1.5,43,0.404,0.201185307260799,0.596,Inf,1,15.9221105527638,1,1.71428571428571
120,1.5,44,0.376,0.166862105029633,0.624,Inf,1,14.1972972972973,1,1.75
120,1.5,45,0.401,0.196558171964631,0.599,Inf,1,15.6708860759494,1,2
120,1.5,46,0.397,0.195290463664311,0.603,Inf,1,15.7289002557545,1,1.85714285714286
120,1.5,47,0.394,0.197825880264951,0.606,Inf,1,16.161038961039,1,2
120,1.5,48,0.437,0.211263588248344,0.563,Inf,1,15.352534562212,1,1
120,1.5,49,0.395,0.197984343802491,0.605,Inf,1,16.3167539267016,1,1.05882352941176
120,1.5,50,0.395,0.190441479415586,0.605,Inf,1,15.5012919896641,1,1.3
120,1.5,51,0.393,0.180965359870694,0.607,Inf,1,14.733850129199,1,1.25
120,1.5,52,0.405,0.21211929135106,0.595,Inf,1,16.7543859649123,1,1.28571428571429
120,1.5,53,0.403,0.213006687161284,0.597,Inf,1,16.8320802005013,1,1.25
120,1.5,54,0.386,0.185560802459354,0.614,Inf,1,15.3490813648294,1,1.375
120,1.5,55,0.374,0.175926219376921,0.626,Inf,1,15.1420765027322,1,1.11111111111111
120,1.5,56,0.377,0.200171140620543,0.623,Inf,1,16.9973045822102,1,1.66666666666667
120,1.5,57,0.373,0.202389630146103,0.627,Inf,1,17.4862637362637,1,2.2
120,1.5,58,0.39,0.192818432478687,0.61,Inf,1,15.8125,1,1.85714285714286
120,1.5,59,0.386,0.199980984375495,0.614,Inf,1,16.5459317585302,1,1.16666666666667
120,1.5,60,0.386,0.193483979336355,0.614,Inf,1,15.9633507853403,1,1.6
120,1.5,61,0.386,0.168383354990017,0.614,Inf,1,13.9526315789474,1,1.625
120,1.5,62,0.386,0.199378822932843,0.614,Inf,1,16.3776041666667,1,1
120,1.5,63,0.387,0.18895192216271,0.613,Inf,1,15.5890052356021,1,1.4
120,1.5,64,0.393,0.18055335467309,0.607,Inf,1,14.8250652741514,1,1.75
120,1.5,65,0.381,0.18372262542389,0.619,Inf,1,15.5067024128686,1,1.5
120,1.5,66,0.385,0.205432130066872,0.615,Inf,1,17.0817941952507,1,1.2
120,1.5,67,0.387,0.206351218584604,0.613,Inf,1,17.0629921259843,1,1.57142857142857
120,1.5,68,0.383,0.196209552182043,0.617,Inf,1,16.438829787234,1,1.42857142857143
120,1.5,69,0.365,0.179349031787786,0.635,Inf,1,15.7849162011173,1,1.14285714285714
120,1.5,70,0.41,0.209869109117992,0.59,Inf,1,16.2881773399015,1,2
120,1.5,71,0.405,0.20467150508668,0.595,Inf,1,16.2443324937028,1,1.11111111111111
120,1.5,72,0.403,0.2106931195132,0.597,Inf,1,16.8727735368957,1,1.7
120,1.5,73,0.389,0.204101036351536,0.611,Inf,1,16.8429319371728,1,0.888888888888889
120,1.5,74,0.386,0.197128640699775,0.614,Inf,1,16.3746701846966,1,2
120,1.5,75,0.378,0.181567521313346,0.622,Inf,1,15.5244565217391,1,1.54545454545455
120,1.5,76,0.388,0.197825880264951,0.612,Inf,1,16.3868421052632,1,1.77777777777778
120,1.5,77,0.418,0.191328875225811,0.582,Inf,1,14.7334963325183,1,1.2
120,1.5,78,0.371,0.191487338763351,0.629,Inf,1,16.6060606060606,1,1.54545454545455
120,1.5,79,0.34,0.177162234969733,0.66,Inf,1,16.6597014925373,1,1.8
120,1.5,80,0.368,0.177415776629797,0.632,Inf,1,15.5166666666667,1,1.4
120,1.5,81,0.389,0.198332963585079,0.611,Inf,1,16.2786458333333,1,1.28571428571429
120,1.5,82,0.393,0.198079421925015,0.607,Inf,1,16.2025974025974,1,1.36363636363636
120,1.5,83,0.39,0.186670047222134,0.61,Inf,1,15.240932642487,1,1.42857142857143
120,1.5,84,0.389,0.189300541945298,0.611,Inf,1,15.53125,1,1.66666666666667
120,1.5,85,0.395,0.187240515957278,0.605,Inf,1,15.2036082474227,1,1.25
120,1.5,86,0.388,0.21180236427598,0.612,Inf,1,17.3932291666667,1,1
120,1.5,87,0.412,0.23512819700187,0.588,Inf,1,18.2113022113022,1,1.25
120,1.5,88,0.393,0.21005926536304,0.607,Inf,1,17.2984293193717,1,1.64285714285714
120,1.5,89,0.365,0.172535099673565,0.635,Inf,1,15.3042253521127,1,1.09090909090909
120,1.5,90,0.383,0.191107026273255,0.617,Inf,1,15.9206349206349,1,2.16666666666667
120,1.5,91,0.391,0.197952651094983,0.609,Inf,1,16.5505319148936,1,1.5
120,1.5,92,0.384,0.190758406490666,0.616,Inf,1,15.8522427440633,1,2.2
120,1.5,93,0.371,0.18340569834881,0.629,Inf,1,15.7173913043478,1,1
120,1.5,94,0.358,0.190980255443223,0.642,Inf,1,17.1396011396011,1,1.33333333333333
120,1.5,95,0.391,0.176718537064621,0.609,Inf,1,14.5065274151436,1,2.5
120,1.5,96,0.371,0.181567521313346,0.629,Inf,1,15.520325203252,1,1
120,1.5,97,0.385,0.181060437993218,0.615,Inf,1,14.9737532808399,1,1.66666666666667
120,1.5,98,0.396,0.205432130066872,0.604,Inf,1,16.7209302325581,1,1.14285714285714
120,1.5,99,0.374,0.170379995563021,0.626,Inf,1,14.5081081081081,1,1.8
120,1.5,100,0.385,0.199315437517827,0.615,Inf,1,16.5646437994723,1,1.55555555555556
160,2,1,0.435,0.219059994295313,0.565,169.515044247788,1,16.3002364066194,1,1.46153846153846
160,2,2,0.439,0.195163692834279,0.561,85.0346358792185,1,14.3770491803279,1,1.69230769230769
160,2,3,0.436,0.18118720882325,0.564,56.8763313609467,1,13.3053613053613,1,1.28571428571429
160,2,4,0.458,0.191994422083479,0.542,41.285394265233,1,13.410199556541,1,1.375
160,2,5,0.452,0.205337051944348,0.548,33.3575539568345,1,14.6553287981859,1,1.45454545454545
160,2,6,0.454,0.203308718663835,0.546,27.7847263980758,1,14.3910112359551,1,1.18181818181818
160,2,7,0.451,0.223116660856337,0.549,24.0941935483871,1,16.2453703703704,1,1.15
160,2,8,0.433,0.209045098722784,0.567,21.7379558757317,1,15.5876777251185,1,1.5
160,2,9,0.449,0.218933223465281,0.551,18.6563188463849,1,15.5643340857788,1,2.16666666666667
160,2,10,0.468,0.211358666370868,0.532,16.4617194570136,1,14.4923747276688,1,1.8
160,2,11,0.43,0.214939942319272,0.57,16.0045939294504,1,15.8065268065268,1,1
160,2,12,0.464,0.213735619433968,0.536,13.6662645151561,1,14.7675438596491,1,1.27272727272727
160,2,13,0.452,0.208696478940196,0.548,13.1650647722524,1,14.8642533936652,1,1.38461538461538
160,2,14,0.436,0.187335594079802,0.564,12.4756554307116,1,13.8009367681499,1,1.83333333333333
160,2,15,0.451,0.214781478781732,0.549,11.2936565364206,1,15.3590909090909,1,1.75
160,2,16,0.435,0.20879155706272,0.565,10.7087049791126,1,15.502358490566,1,1.33333333333333
160,2,17,0.444,0.209298640382848,0.556,10.0271964304685,1,15.1192660550459,1,1.5
160,2,18,0.453,0.214464551706652,0.547,9.28975903614458,1,15.1685393258427,1,1.81818181818182
160,2,19,0.446,0.220074160935569,0.554,8.90964428381206,1,15.7369614512472,1,0.857142857142857
160,2,20,0.445,0.204576426964156,0.555,8.53853103261361,1,14.8410138248848,1,1.25
160,2,21,0.429,0.186321427439546,0.571,8.24364261168385,1,14.0215311004785,1,1.58333333333333
160,2,22,0.418,0.212024213228536,0.582,8.09834724267714,1,16.1156626506024,1,0.75
160,2,23,0.443,0.205590593604412,0.557,7.4508177478676,1,14.9445727482679,1,1.6
160,2,24,0.451,0.201724083288435,0.549,6.89638355342137,1,14.2995495495495,1,2.125
160,2,25,0.431,0.200583145818147,0.569,7.02720011513276,1,15.0428571428571,1,1
160,2,26,0.423,0.202579786391151,0.577,6.80040071852978,1,15.3807228915663,1,1.1
160,2,27,0.439,0.196304630304567,0.561,6.33980711672764,1,14.4182242990654,1,2
160,2,28,0.418,0.218394447437645,0.582,6.36972529935327,1,16.7469586374696,1,1.125
160,2,29,0.427,0.200551453110639,0.573,6.01222977146387,1,15.2048192771084,1,1.46153846153846
160,2,30,0.421,0.184958641016702,0.579,5.8748285526865,1,14.1581508515815,1,1.7
160,2,31,0.405,0.180775203625646,0.595,5.76347615756738,1,14.3425692695214,1,1.21428571428571
160,2,32,0.432,0.203689031153931,0.568,5.43045951371849,1,15.2642857142857,1,1.30769230769231
160,2,33,0.434,0.21021772890058,0.566,5.201589361012,1,15.7452380952381,1,1.35294117647059
160,2,34,0.449,0.233099863721358,0.551,4.91201637881254,1,16.5101123595506,1,2
160,2,35,0.459,0.21291160903876,0.541,4.73134252169474,1,15.2090909090909,1,1.36842105263158
160,2,36,0.479,0.217855671410009,0.521,4.43006314952016,1,14.6289978678038,1,1.25
160,2,37,0.424,0.203245333248819,0.576,4.77459273940156,1,15.3942307692308,1,1.08333333333333
160,2,38,0.473,0.235793743859538,0.527,4.22584142547374,1,16.0757575757576,1,1.16666666666667
160,2,39,0.434,0.209235254967832,0.566,4.44912764003673,1,15.411214953271,1,1
160,2,40,0.444,0.20688999461224,0.556,4.23813574498567,1,15.0323325635104,1,1.61538461538462
160,2,41,0.447,0.180933667163186,0.553,4.12403337847875,1,13.0068493150685,1,1.33333333333333
160,2,42,0.432,0.192501505403607,0.568,4.111352687897,1,14.2948113207547,1,1.41666666666667
160,2,43,0.436,0.200329604158083,0.564,3.98284834103493,1,14.9312796208531,1,1.42857142857143
160,2,44,0.447,0.209203562260324,0.553,3.82709367624318,1,15.147465437788,1,2.07692307692308
160,2,45,0.424,0.194276297024055,0.576,3.85502982107356,1,14.5857142857143,1,1.125
160,2,46,0.426,0.188286375305042,0.574,3.7973876535531,1,14.2674698795181,1,1.75
160,2,47,0.436,0.231578613760974,0.564,3.69818928788801,1,17.013986013986,1,1.1
160,2,48,0.44,0.225715462871993,0.56,3.53072854588796,1,16.4941995359629,1,1.44444444444444
160,2,49,0.462,0.221151712990841,0.538,3.30891696487256,1,15.1960784313725,1,1
160,2,50,0.419,0.199220359395303,0.581,3.56534487074052,1,15.2579075425791,1,1.7
160,2,51,0.464,0.219693848445473,0.536,3.16766656141459,1,15.1798245614035,1,1.25
160,2,52,0.427,0.210249421608088,0.573,3.31940431971385,1,15.7109004739336,1,0.833333333333333
160,2,53,0.443,0.217063353722309,0.557,3.21820267944521,1,15.7534562211982,1,1.33333333333333
160,2,54,0.441,0.229518587772953,0.559,3.131259936407,1,16.7610208816705,1,1.66666666666667
160,2,55,0.418,0.185402338921814,0.582,3.17680509521024,1,14.1946472019465,1,1.81818181818182
160,2,56,0.448,0.187335594079802,0.552,2.99572240311562,1,13.5981524249423,1,1.5
160,2,57,0.441,0.202991791588755,0.559,2.98538497726204,1,14.8213457076566,1,1.58333333333333
160,2,58,0.434,0.213355306943872,0.566,2.97343687405627,1,15.6302325581395,1,2.4
160,2,59,0.429,0.213925775679016,0.571,2.95000302828417,1,16.0835322195704,1,1.07692307692308
160,2,60,0.438,0.185212182676766,0.562,2.81985469271081,1,13.6191588785047,1,1.54545454545455
160,2,61,0.456,0.224225905619117,0.544,2.72465424285045,1,15.7522321428571,1,2.25
160,2,62,0.445,0.209330333090356,0.555,2.70596545858201,1,15.1563218390805,1,1.16666666666667
160,2,63,0.431,0.174056349633949,0.569,2.72359015091342,1,12.8548009367682,1,0.833333333333333
160,2,64,0.443,0.218299369315121,0.557,2.61096372420341,1,15.6742596810934,1,1.75
160,2,65,0.44,0.201882546825975,0.56,2.60194121367098,1,14.7175925925926,1,1.5
160,2,66,0.457,0.201343770798339,0.543,2.51823255309926,1,14.1269487750557,1,1.25
160,2,67,0.44,0.205178588406808,0.56,2.59649871904355,1,14.9606481481481,1,1.3
160,2,68,0.446,0.209171869552816,0.554,2.4501393783201,1,15.1751152073733,1,1.16666666666667
160,2,69,0.45,0.221595410895953,0.55,2.45196495230195,1,15.8344671201814,1,1.15384615384615
160,2,70,0.446,0.192850125186195,0.554,2.39833887043189,1,13.8901601830664,1,1.6
160,2,71,0.418,0.159255855227712,0.582,2.50521253021757,1,12.3448275862069,1,1.07142857142857
160,2,72,0.47,0.226729629512249,0.53,2.21529745042493,1,15.5490196078431,1,1.54545454545455
160,2,73,0.444,0.202801635343707,0.556,2.29207314084024,1,14.6247139588101,1,1.14285714285714
160,2,74,0.439,0.205970906094508,0.561,2.30351314103339,1,15.0979020979021,1,2.2
160,2,75,0.448,0.220486166133173,0.552,2.23454463028799,1,15.7840909090909,1,1.5
160,2,76,0.457,0.218457832852661,0.543,2.19126584067461,1,15.2594235033259,1,1.5
160,2,77,0.443,0.195036922004247,0.557,2.20278533398433,1,14.1451612903226,1,1.5
160,2,78,0.445,0.221151712990841,0.555,2.16320066106597,1,15.9450800915332,1,1.2
160,2,79,0.444,0.201597312458403,0.556,2.13510266986991,1,14.4783599088838,1,1
160,2,80,0.451,0.205558900896904,0.549,2.08108168610508,1,14.7045454545455,1,1.45454545454545
160,2,81,0.432,0.205083510284284,0.568,2.13939300161365,1,15.1381733021077,1,1.33333333333333
160,2,82,0.437,0.210154343485564,0.563,2.09857648137636,1,15.56,1,1.46666666666667
160,2,83,0.42,0.202009317656007,0.58,2.11081885214092,1,15.5219512195122,1,1
160,2,84,0.438,0.205717364434444,0.562,2.03216598500341,1,15.0720930232558,1,1.2
160,2,85,0.438,0.200171140620543,0.562,2.00932513787732,1,14.7219626168224,1,1.42857142857143
160,2,86,0.434,0.198047729217507,0.566,2.00168497254119,1,14.8004750593824,1,1.33333333333333
160,2,87,0.425,0.18340569834881,0.575,2.00464571299361,1,13.7875894988067,1,1.57142857142857
160,2,88,0.441,0.209615567457928,0.559,1.92878917205219,1,15.2847222222222,1,1.15384615384615
160,2,89,0.424,0.188286375305042,0.576,1.95474267807641,1,14.2230215827338,1,1.66666666666667
160,2,90,0.432,0.191804265838431,0.568,1.91825223435948,1,14.3104265402844,1,1.23076923076923
160,2,91,0.441,0.183310620226286,0.559,1.87607299298749,1,13.3064516129032,1,1.22222222222222
160,2,92,0.462,0.191455646055843,0.538,1.76156044084203,1,13.3024282560706,1,1.5
160,2,93,0.43,0.211041739295788,0.57,1.85337485821943,1,15.7511848341232,1,1.44444444444444
160,2,94,0.453,0.225335150381897,0.547,1.75882733429724,1,16.0610859728507,1,1
160,2,95,0.437,0.205083510284284,0.563,1.79166901951927,1,15.1694117647059,1,1.8
160,2,96,0.434,0.182169682755998,0.566,1.78805430875533,1,13.5616113744076,1,2
160,2,97,0.419,0.201502234335879,0.581,1.8349117441132,1,15.5158924205379,1,1.2
160,2,98,0.424,0.184324786866542,0.576,1.76791248860529,1,13.9759036144578,1,1.58333333333333
160,2,99,0.425,0.207397077932368,0.575,1.77434370771313,1,15.6995192307692,1,1.4
160,2,100,0.45,0.220391088010649,0.55,1.65924073246985,1,15.7013574660633,1,1.66666666666667
200,2.5,1,0.477,0.214559629829176,0.523,1.58068780705672,1,14.5680345572354,1,1.6875
200,2.5,2,0.5,0.192628276233639,0.5,1.54145600714605,1,12.527950310559,1,1.57142857142857
200,2.5,3,0.477,0.224162520204101,0.523,1.60312639571237,1,15.2819956616052,1,1.66666666666667
200,2.5,4,0.449,0.198966817735239,0.551,1.68616346583296,1,14.3226544622426,1,1.5
200,2.5,5,0.473,0.2170316610148,0.527,1.60966502903082,1,14.6111111111111,1,1.83333333333333
200,2.5,6,0.473,0.212626374671188,0.527,1.62602947744529,1,14.4718614718615,1,2.09090909090909
200,2.5,7,0.48,0.203245333248819,0.52,1.60071460473426,1,13.6417910447761,1,1.36363636363636
200,2.5,8,0.481,0.221405254650905,0.519,1.5637695399732,1,14.8297872340426,1,1.61538461538462
200,2.5,9,0.515,0.217665515164961,0.485,1.47567664135775,1,13.6163021868787,1,1.5
200,2.5,10,0.475,0.194561531391627,0.525,1.59358642251005,1,13.1698924731183,1,1.41666666666667
200,2.5,11,0.475,0.199347130225335,0.525,1.59653416703886,1,13.4188034188034,1,1.33333333333333
200,2.5,12,0.468,0.206351218584604,0.532,1.60662795891023,1,14.156862745098,1,1.4
200,2.5,13,0.477,0.202801635343707,0.523,1.61536400178651,1,13.6140724946695,1,1.66666666666667
200,2.5,14,0.488,0.227490254492441,0.512,1.56727110317106,1,14.9832635983264,1,1.54545454545455
200,2.5,15,0.504,0.218647989097709,0.496,1.53036176864672,1,13.9574036511156,1,1.5
200,2.5,16,0.485,0.218743067220233,0.515,1.55217507815989,1,14.535864978903,1,1.23076923076923
200,2.5,17,0.464,0.203150255126295,0.536,1.64616346583296,1,14.2589285714286,1,1.33333333333333
200,2.5,18,0.463,0.226064082654581,0.537,1.63980348369808,1,15.5864332603939,1,1.5
200,2.5,19,0.476,0.209710645580452,0.524,1.59251451540866,1,14.0063559322034,1,1.33333333333333
200,2.5,20,0.473,0.2162393433271,0.527,1.6291380080393,1,14.6451612903226,1,1.625
200,2.5,21,0.485,0.220739707793237,0.515,1.57958016971862,1,14.662447257384,1,1.38461538461538
200,2.5,22,0.492,0.199378822932843,0.508,1.54209915140688,1,12.9546391752577,1,1.09090909090909
200,2.5,23,0.474,0.194846765759199,0.526,1.61843680214381,1,13.2021505376344,1,1
200,2.5,24,0.512,0.227300098247393,0.488,1.51866011612327,1,14.2306163021869,1,1.54545454545455
200,2.5,25,0.455,0.2099008018255,0.545,1.65809736489504,1,14.6955555555556,1,1.625
200,2.5,26,0.459,0.175577599594333,0.541,1.6584010719071,1,12.3557046979866,1,1.41176470588235
200,2.5,27,0.481,0.198618197952651,0.519,1.56244752121483,1,13.2436440677966,1,1.61538461538462
200,2.5,28,0.474,0.223084968148829,0.526,1.61359535506923,1,15.1096774193548,1,1.36363636363636
200,2.5,29,0.486,0.224352676449149,0.514,1.54813756141134,1,14.8631578947368,1,1.57142857142857
200,2.5,30,0.449,0.187937755522454,0.551,1.69070120589549,1,13.5308924485126,1,1.35714285714286
200,2.5,31,0.479,0.191519031470859,0.521,1.58785171951764,1,12.8760683760684,1,1.73333333333333
200,2.5,32,0.472,0.224130827496593,0.528,1.61209468512729,1,15.3413043478261,1,1.21428571428571
200,2.5,33,0.487,0.227617025322473,0.513,1.58309959803484,1,15.1868365180467,1,1.82352941176471
200,2.5,34,0.492,0.200076062498019,0.508,1.55235372934346,1,13.1083333333333,1,1.6
200,2.5,35,0.471,0.218109213070073,0.529,1.61302367128182,1,14.9542483660131,1,1.46153846153846
200,2.5,36,0.486,0.211770671568472,0.514,1.58992407324699,1,13.9497907949791,1,1.75
200,2.5,37,0.475,0.193483979336355,0.525,1.61502456453774,1,12.9469214437367,1,1.6
200,2.5,38,0.48,0.195480619909359,0.52,1.58838767306833,1,13.0978723404255,1,1.16666666666667
200,2.5,39,0.494,0.205241973821824,0.506,1.51601607860652,1,13.4345114345114,1,1.06666666666667
200,2.5,40,0.467,0.227775488860013,0.533,1.65109423849933,1,15.7973568281938,1,1.21428571428571
200,2.5,41,0.47,0.215225176686844,0.53,1.62127735596248,1,14.8942731277533,1,1.76470588235294
200,2.5,42,0.47,0.204164421766552,0.53,1.60723537293435,1,13.9847826086957,1,0.928571428571429
200,2.5,43,0.463,0.212404525718632,0.537,1.61486377847253,1,14.8226164079823,1,1.35714285714286
200,2.5,44,0.461,0.186765125344658,0.539,1.65748995087092,1,13.1887640449438,1,1.4
200,2.5,45,0.484,0.202104395778531,0.516,1.58283162125949,1,13.4482029598309,1,1.46153846153846
200,2.5,46,0.467,0.195987703229487,0.533,1.62150960250112,1,13.5881057268722,1,1.125
200,2.5,47,0.509,0.203562260323899,0.491,1.49670388566324,1,12.9979674796748,1,1.61111111111111
200,2.5,48,0.478,0.200012677083003,0.522,1.59966056275123,1,13.457264957265,1,1.21428571428571
200,2.5,49,0.447,0.215637181884448,0.553,1.70143814202769,1,15.4624145785877,1,1.81818181818182
200,2.5,50,0.468,0.196906791747219,0.532,1.63765966949531,1,13.6409691629956,1,1.35294117647059
200,2.5,51,0.501,0.215985801667036,0.499,1.52719964269763,1,13.9753086419753,1,1.52941176470588
200,2.5,52,0.491,0.210407885145628,0.509,1.54329611433676,1,13.9368421052632,1,1.27777777777778
200,2.5,53,0.493,0.210566348683168,0.507,1.56275122822689,1,13.7448132780083,1,1.61538461538462
200,2.5,54,0.497,0.218552910975185,0.503,1.53238052702099,1,14.108606557377,1,1.16666666666667
200,2.5,55,0.504,0.225303457674389,0.496,1.54177757927646,1,14.3333333333333,1,1.45454545454545
200,2.5,56,0.492,0.240135644788134,0.508,1.55640911121036,1,15.8427672955975,1,1.3125
200,2.5,57,0.491,0.198269578170063,0.509,1.53732916480572,1,13.0817610062893,1,1.10526315789474
200,2.5,58,0.488,0.219471999492917,0.512,1.57409557838321,1,14.4863731656184,1,1.36363636363636
200,2.5,59,0.496,0.226254238899629,0.504,1.55271103171058,1,14.7148760330579,1,1.41666666666667
200,2.5,60,0.48,0.227712103444997,0.52,1.5853684680661,1,15.2208067940552,1,1.77777777777778
200,2.5,61,0.497,0.206351218584604,0.503,1.53070120589549,1,13.4132231404959,1,1.42857142857143
200,2.5,62,0.478,0.200551453110639,0.522,1.58747655203216,1,13.5569892473118,1,1.6875
200,2.5,63,0.488,0.218267676607613,0.512,1.56493077266637,1,14.3744769874477,1,1.46153846153846
200,2.5,64,0.482,0.211231895540836,0.518,1.60752121482805,1,14.0932203389831,1,1.27272727272727
200,2.5,65,0.483,0.222641270243717,0.517,1.55281822242072,1,14.8224101479915,1,1.33333333333333
200,2.5,66,0.486,0.219471999492917,0.514,1.5679499776686,1,14.5431578947368,1,1.5
200,2.5,67,0.487,0.213133457991316,0.513,1.54529700759268,1,14.0819327731092,1,1.91666666666667
200,2.5,68,0.494,0.209298640382848,0.506,1.54851272889683,1,13.7083333333333,1,1.66666666666667
200,2.5,69,0.484,0.208347859157608,0.516,1.58558284948638,1,13.9404255319149,1,1.47368421052632
200,2.5,70,0.474,0.204005958229011,0.526,1.61481018311746,1,13.8768898488121,1,1.07142857142857
200,2.5,71,0.487,0.238012233385098,0.513,1.58956677087986,1,15.7831578947368,1,1.06666666666667
200,2.5,72,0.48,0.199505593762875,0.52,1.58097364895042,1,13.4592274678112,1,1.6
200,2.5,73,0.481,0.201280385383323,0.519,1.57925859758821,1,13.610752688172,1,1.3
200,2.5,74,0.468,0.196875099039711,0.532,1.63108530594015,1,13.4533622559653,1,1.33333333333333
200,2.5,75,0.476,0.211738978860964,0.524,1.60150066994194,1,14.3047210300429,1,1.35714285714286
200,2.5,76,0.463,0.221563718188445,0.537,1.6254935238946,1,15.2467248908297,1,1.42857142857143
200,2.5,77,0.484,0.217538744334929,0.516,1.5899598034837,1,14.4189473684211,1,1.6
200,2.5,78,0.433,0.217887364117517,0.567,1.71849933005806,1,16.3333333333333,1,1.11764705882353
200,2.5,79,0.462,0.195385541786835,0.538,1.65039749888343,1,13.4978070175439,1,1.44444444444444
200,2.5,80,0.491,0.215351947516876,0.509,1.56414470745869,1,14.2652631578947,1,1.23529411764706
200,2.5,81,0.467,0.213450385066396,0.533,1.61037963376507,1,14.7863436123348,1,1.69230769230769
200,2.5,82,0.483,0.225271764966881,0.517,1.58224207235373,1,14.8888888888889,1,1
200,2.5,83,0.455,0.18815960447501,0.545,1.64530594015185,1,13.40589569161,1,1.78571428571429
200,2.5,84,0.489,0.197128640699775,0.511,1.5545511389013,1,13.0631578947368,1,1.0625
200,2.5,85,0.488,0.212372833011124,0.512,1.55001339883877,1,14.0041928721174,1,1.76923076923077
200,2.5,86,0.469,0.222007416093557,0.531,1.62424296560965,1,15.1735357917571,1,1.18181818181818
200,2.5,87,0.486,0.215193483979336,0.514,1.58240285841894,1,14.2436974789916,1,1
200,2.5,88,0.492,0.2067315310747,0.508,1.5558195623046,1,13.7336152219873,1,1.38095238095238
200,2.5,89,0.479,0.213672234018952,0.521,1.58853059401519,1,14.5324675324675,1,1.55
200,2.5,90,0.485,0.220612936963205,0.515,1.60132201875837,1,14.7076271186441,1,1.4
200,2.5,91,0.467,0.208252781035084,0.533,1.61161232693167,1,14.5444444444444,1,1.52631578947368
200,2.5,92,0.504,0.234716191804266,0.496,1.52594908441268,1,14.9333333333333,1,1.54545454545455
200,2.5,93,0.47,0.227395176369917,0.53,1.64443054935239,1,15.6564551422319,1,1.44444444444444
200,2.5,94,0.487,0.200456374988115,0.513,1.55306833407771,1,13.5064377682403,1,1.43478260869565
200,2.5,95,0.468,0.210598041390676,0.532,1.60970075926753,1,14.3614718614719,1,1.66666666666667
200,2.5,96,0.463,0.218331062022629,0.537,1.64521661456007,1,15.2984409799555,1,1.46666666666667
200,2.5,97,0.492,0.221785567141001,0.508,1.57273782938812,1,14.5615866388309,1,1.76923076923077
200,2.5,98,0.447,0.182074604633474,0.553,1.68462706565431,1,13.1212814645309,1,1.09090909090909
200,2.5,99,0.499,0.214718093366716,0.501,1.53200535953551,1,13.8077709611452,1,2.3
200,2.5,100,0.484,0.223560358761449,0.516,1.56784278695846,1,14.7610062893082,1,1.6
240,3,1,0.516,0.227965645105061,0.484,1.48578829834748,1,14.2624254473161,1,1.28571428571429
240,3,2,0.537,0.216524577694672,0.463,1.42083072800357,1,13.1156069364162,1,1.35
240,3,3,0.504,0.208601400817672,0.496,1.52998660116123,1,13.4049079754601,1,1.8
240,3,4,0.508,0.215985801667036,0.492,1.52166145600715,1,13.5617529880478,1,1.16666666666667
240,3,5,0.523,0.230310905460653,0.477,1.47723090665476,1,14.2475442043222,1,1.05263157894737
240,3,6,0.51,0.223401895223909,0.49,1.4984010719071,1,13.9722222222222,1,1.5
240,3,7,0.507,0.223940671251545,0.493,1.51987494417151,1,14.1891348088531,1,1.33333333333333
240,3,8,0.518,0.234114030361614,0.482,1.47265743635552,1,14.590099009901,1,1.5
240,3,9,0.526,0.209203562260324,0.474,1.47969629298794,1,13.047619047619,1,1.125
240,3,10,0.509,0.217633822457453,0.491,1.52895042429656,1,13.698,1,1.9
240,3,11,0.524,0.226507780559693,0.476,1.46904868244752,1,13.9530332681018,1,1.28571428571429
240,3,12,0.511,0.212562989256172,0.489,1.50120589548906,1,13.4028056112224,1,1.4375
240,3,13,0.506,0.201090229138275,0.494,1.53100491290755,1,12.7404426559356,1,1.30769230769231
240,3,14,0.498,0.197952651094983,0.502,1.53897275569451,1,12.8189300411523,1,1.28571428571429
240,3,15,0.493,0.196906791747219,0.507,1.56689593568557,1,12.9623430962343,1,1.15789473684211
240,3,16,0.518,0.218679681805217,0.482,1.47817775792765,1,13.5770750988142,1,2.53846153846154
240,3,17,0.499,0.211897442398504,0.501,1.55201429209469,1,13.5476673427992,1,1.09090909090909
240,3,18,0.535,0.216778119354736,0.465,1.42597588209022,1,13.2670565302144,1,1.52173913043478
240,3,19,0.512,0.213323614236364,0.488,1.50036623492631,1,13.5708502024291,1,1.45
240,3,20,0.473,0.203055177003771,0.527,1.61577489950871,1,13.752688172043,1,1.36363636363636
240,3,21,0.506,0.221278483820873,0.494,1.54724430549352,1,14.1196754563895,1,1.6
240,3,22,0.499,0.21338699965138,0.501,1.54644037516749,1,13.6348884381339,1,1.625
240,3,23,0.533,0.233733717871518,0.467,1.43573023671282,1,14.1618497109827,1,1.73333333333333
240,3,24,0.555,0.23940671251545,0.445,1.37604287628406,1,13.8385321100917,1,1.18181818181818
240,3,25,0.526,0.219345228662885,0.474,1.45245198749442,1,13.5748031496063,1,1.42105263157895
240,3,26,0.497,0.207618926884924,0.503,1.56789638231353,1,13.6200417536534,1,1.5
240,3,27,0.515,0.229043197160333,0.485,1.48385886556498,1,14.2066929133858,1,1.375
240,3,28,0.514,0.234399264729186,0.486,1.51212148280482,1,14.917004048583,1,1.31818181818182
240,3,29,0.501,0.196558171964631,0.499,1.52269763287182,1,12.7119341563786,1,1.52941176470588
240,3,30,0.507,0.192057807498495,0.493,1.52039303260384,1,12.2141414141414,1,1.13333333333333
240,3,31,0.521,0.223782207714005,0.479,1.48184010719071,1,13.7945205479452,1,1.16666666666667
240,3,32,0.503,0.197413875067347,0.497,1.51980348369808,1,12.6354378818737,1,2.07692307692308
240,3,33,0.492,0.203181947833803,0.508,1.56108977221974,1,13.4336842105263,1,1.75
240,3,34,0.53,0.199220359395303,0.47,1.45305940151853,1,12.1906614785992,1,1.23529411764706
240,3,35,0.508,0.225240072259373,0.492,1.51744528807503,1,14.3481781376518,1,1.375
240,3,36,0.506,0.218077520362565,0.494,1.5220902188477,1,13.9390243902439,1,1.6
240,3,37,0.5,0.200297911450575,0.5,1.52936132201876,1,12.8272357723577,1,1.09090909090909
240,3,38,0.511,0.211200202833328,0.489,1.50831621259491,1,13.3911290322581,1,1.46666666666667
240,3,39,0.477,0.199156973980287,0.523,1.60889682894149,1,13.5541125541126,1,1.4375
240,3,40,0.525,0.247900358127595,0.475,1.45120142920947,1,15.3629191321499,1,1.78947368421053
240,3,41,0.482,0.205083510284284,0.518,1.58819115676641,1,13.7987152034261,1,1.63157894736842
240,3,42,0.508,0.220834785915761,0.492,1.51460473425636,1,13.9879275653924,1,1.33333333333333
240,3,43,0.483,0.208886635185244,0.517,1.60112550245645,1,13.9300847457627,1,1.33333333333333
240,3,44,0.5,0.223718822298989,0.5,1.54213488164359,1,14.5330578512397,1,1.47368421052632
240,3,45,0.489,0.223782207714005,0.511,1.57161232693167,1,14.8046218487395,1,1.05263157894737
240,3,46,0.503,0.234716191804266,0.497,1.51701652523448,1,14.9635627530364,1,1.54545454545455
240,3,47,0.496,0.207935853960004,0.504,1.56071460473426,1,13.5726141078838,1,1.29411764705882
240,3,48,0.489,0.193262130383799,0.511,1.56596694953104,1,12.7894736842105,1,1.5625
240,3,49,0.514,0.228948119037809,0.486,1.47639124609201,1,14.3852295409182,1,1.23529411764706
240,3,50,0.523,0.248375748740215,0.477,1.45691826708352,1,15.3156862745098,1,2
240,3,51,0.492,0.185655880581878,0.508,1.55939258597588,1,12.1941544885177,1,1.28571428571429
240,3,52,0.522,0.211517129908408,0.478,1.47551585529254,1,13.0766208251473,1,1.33333333333333
240,3,53,0.54,0.227236712832377,0.46,1.40310853059402,1,13.5988593155894,1,1.16666666666667
240,3,54,0.492,0.184800177479162,0.508,1.56896828941492,1,12.24,1,1
240,3,55,0.494,0.195734161569423,0.506,1.55440821795444,1,12.7962577962578,1,1.57142857142857
240,3,56,0.523,0.214718093366716,0.477,1.45550692273336,1,13.3320158102767,1,1.63157894736842
240,3,57,0.52,0.230405983583178,0.48,1.47887449754355,1,14.301775147929,1,1.42857142857143
240,3,58,0.5,0.210914968465756,0.5,1.53572130415364,1,13.7128099173554,1,1.22222222222222
240,3,59,0.522,0.235857129274554,0.478,1.45493523894596,1,14.6871287128713,1,1.47058823529412
240,3,60,0.512,0.2067315310747,0.488,1.51603394372488,1,12.8950495049505,1,1.4
240,3,61,0.536,0.222894811903781,0.464,1.42626172398392,1,13.468330134357,1,1.06666666666667
240,3,62,0.494,0.221975723386049,0.506,1.56675301473872,1,14.5218295218295,1,1.35294117647059
240,3,63,0.544,0.23512819700187,0.456,1.39853506029477,1,13.9041353383459,1,1.83333333333333
240,3,64,0.484,0.188096219059994,0.516,1.58836980794998,1,12.5200845665962,1,1.16666666666667
240,3,65,0.52,0.191645802300891,0.48,1.46985261277356,1,11.9366336633663,1,1.21052631578947
240,3,66,0.519,0.216302728742116,0.481,1.48686020544886,1,13.5708582834331,1,1.34782608695652
240,3,67,0.529,0.218933223465281,0.471,1.45432782492184,1,13.4210526315789,1,1.38095238095238
240,3,68,0.513,0.217380280797389,0.487,1.49481018311746,1,13.6274900398406,1,1.5625
240,3,69,0.524,0.229011504452825,0.476,1.49493523894596,1,14.2292490118577,1,1.4
240,3,70,0.522,0.204544734256648,0.478,1.46370701205895,1,12.6098039215686,1,2.07692307692308
240,3,71,0.494,0.220644629670713,0.506,1.55673068334078,1,14.4324324324324,1,1.5
240,3,72,0.536,0.217538744334929,0.464,1.42858418937025,1,13.1576923076923,1,1.33333333333333
240,3,73,0.516,0.233163249136374,0.484,1.48273336310853,1,14.6367265469062,1,1.6
240,3,74,0.532,0.230057363800589,0.468,1.43871371147834,1,14.0739299610895,1,1.38888888888889
240,3,75,0.519,0.211897442398504,0.481,1.47031710585083,1,13.1640316205534,1,1.85714285714286
240,3,76,0.512,0.228060723227585,0.488,1.50211701652523,1,14.4036144578313,1,1.5625
240,3,77,0.505,0.233955566824074,0.495,1.50747655203216,1,14.8868686868687,1,1.25
240,3,78,0.488,0.206699838367192,0.512,1.57813309513176,1,13.5207468879668,1,0.888888888888889
240,3,79,0.538,0.200139447913035,0.462,1.42901295221081,1,12.0344168260038,1,1.3
240,3,80,0.512,0.212658067378696,0.488,1.51181777579276,1,13.2613861386139,1,1.66666666666667
240,3,81,0.53,0.196336323012075,0.47,1.45271996426976,1,12.037037037037,1,1.16666666666667
240,3,82,0.514,0.219788926567997,0.486,1.49809736489504,1,13.8893360160966,1,1.70833333333333
240,3,83,0.511,0.218743067220233,0.489,1.48839660562751,1,13.8253012048193,1,1.4
240,3,84,0.534,0.225303457674389,0.466,1.4379097811523,1,13.7495145631068,1,1.42857142857143
240,3,85,0.525,0.233892181409058,0.475,1.46261723983921,1,14.4616895874263,1,1.14285714285714
240,3,86,0.516,0.212626374671188,0.484,1.49929432782492,1,13.4325955734406,1,1.63636363636364
240,3,87,0.519,0.206541374829652,0.481,1.47848146493971,1,12.8653465346535,1,1.4
240,3,88,0.536,0.23972363959053,0.464,1.4118445734703,1,14.4225621414914,1,1.5
240,3,89,0.522,0.230564447120718,0.478,1.47542652970076,1,14.4115308151093,1,1.33333333333333
240,3,90,0.532,0.240103952080626,0.468,1.44678874497544,1,14.5384615384615,1,1.33333333333333
240,3,91,0.514,0.224923145184293,0.486,1.49697186243859,1,14.029702970297,1,1.33333333333333
240,3,92,0.487,0.196558171964631,0.513,1.58190263510496,1,13.0911016949153,1,1.44444444444444
240,3,93,0.501,0.213038379868792,0.499,1.53656096471639,1,13.7116564417178,1,1.29411764705882
240,3,94,0.505,0.207650619592432,0.495,1.53734702992407,1,13.3244897959184,1,1.42105263157895
240,3,95,0.537,0.223528666053941,0.463,1.40703885663243,1,13.4875239923225,1,1.56521739130435
240,3,96,0.502,0.18736728678731,0.498,1.54079499776686,1,12.088295687885,1,1.6
240,3,97,0.511,0.225208379551865,0.489,1.48653863331845,1,14.2044088176353,1,1.5
240,3,98,0.53,0.237314993819922,0.47,1.4475390799464,1,14.484496124031,1,1.05263157894737
240,3,99,0.505,0.208030932082528,0.495,1.53043322912014,1,13.3069105691057,1,1.25
240,3,100,0.5,0.225303457674389,0.5,1.54075926753015,1,14.5564681724846,1,1.46666666666667
280,3.5,1,0.526,0.20863309352518,0.474,1.47015631978562,1,12.7553398058252,1,1.27272727272727
280,3.5,2,0.526,0.214084239216556,0.474,1.4733184457347,1,13.1345029239766,1,1.25
280,3.5,3,0.54,0.20688999461224,0.46,1.44705672175078,1,12.3119092627599,1,1.30769230769231
280,3.5,4,0.549,0.238075618800114,0.451,1.38238499330058,1,14.1685606060606,1,1.45454545454545
280,3.5,5,0.548,0.232085697081102,0.452,1.39112103617686,1,13.6979362101313,1,1.46666666666667
280,3.5,6,0.547,0.223496973346433,0.453,1.40251898168825,1,13.1760299625468,1,1.25
280,3.5,7,0.552,0.21560548917694,0.448,1.38442161679321,1,12.6654205607477,1,1.57894736842105
280,3.5,8,0.521,0.21687319747726,0.479,1.46611880303707,1,13.558648111332,1,1.23809523809524
280,3.5,9,0.534,0.206763223782208,0.466,1.44228673514962,1,12.5115384615385,1,1.22727272727273
280,3.5,10,0.514,0.189775932557918,0.486,1.48802143814203,1,11.9318637274549,1,2.26666666666667
280,3.5,11,0.551,0.245555097772003,0.449,1.38493970522555,1,14.2865064695009,1,1.66666666666667
280,3.5,12,0.531,0.223116660856337,0.469,1.44285841893703,1,13.5822050290135,1,1.23529411764706
280,3.5,13,0.522,0.206034291509524,0.478,1.49620366234926,1,12.7637795275591,1,1.1875
280,3.5,14,0.545,0.228472728425189,0.455,1.40019651630192,1,13.5841209829868,1,1.36842105263158
280,3.5,15,0.545,0.214052546509048,0.455,1.39321125502456,1,12.7571157495256,1,1.61904761904762
280,3.5,16,0.542,0.216175957912084,0.458,1.39880303707012,1,12.8415094339623,1,1.23529411764706
280,3.5,17,0.567,0.244509238424239,0.433,1.34681554265297,1,13.8114901256732,1,2
280,3.5,18,0.543,0.214844864196748,0.457,1.41731129968736,1,12.8628571428571,1,1.38095238095238
280,3.5,19,0.53,0.231578613760974,0.47,1.46249218401072,1,14.0134615384615,1,1.78571428571429
280,3.5,20,0.541,0.227838874275029,0.459,1.4143456900402,1,13.5871212121212,1,1.16666666666667
280,3.5,21,0.544,0.233733717871518,0.456,1.40275122822689,1,13.8979206049149,1,1.47058823529412
280,3.5,22,0.535,0.229835514848033,0.465,1.43939258597588,1,13.8563218390805,1,1.4
280,3.5,23,0.533,0.21275314550122,0.467,1.42156319785619,1,12.9017341040462,1,1.15789473684211
280,3.5,24,0.551,0.217538744334929,0.449,1.3902456453774,1,12.7504655493482,1,1.15
280,3.5,25,0.543,0.219281843247869,0.457,1.41182670835194,1,13.0910815939279,1,1.2
280,3.5,26,0.538,0.225240072259373,0.462,1.4246717284502,1,13.5670498084291,1,1.5
280,3.5,27,0.568,0.23290970747631,0.432,1.32664582402858,1,13.2567811934901,1,1.16666666666667
280,3.5,28,0.551,0.212341140303616,0.449,1.4221706118803,1,12.3759259259259,1,1.35294117647059
280,3.5,29,0.551,0.21576395271448,0.449,1.40401965163019,1,12.6368715083799,1,1.58823529411765
280,3.5,30,0.512,0.196843406332203,0.488,1.49445288075033,1,12.5334685598377,1,1.54166666666667
280,3.5,31,0.572,0.230057363800589,0.428,1.32232246538633,1,13.0143884892086,1,1.35
280,3.5,32,0.523,0.200107755205527,0.477,1.45500669941938,1,12.3779527559055,1,1.70588235294118
280,3.5,33,0.514,0.213577155896428,0.486,1.47689146940598,1,13.4051896207585,1,1.58823529411765
280,3.5,34,0.52,0.212404525718632,0.48,1.49071907101385,1,13.2257425742574,1,1.44444444444444
280,3.5,35,0.532,0.192818432478687,0.468,1.46186690486824,1,11.6545105566219,1,1.07142857142857
280,3.5,36,0.516,0.211295280955852,0.484,1.49668602054489,1,13.2266401590457,1,1.0625
280,3.5,37,0.542,0.227648718029981,0.458,1.39333631085306,1,13.4990583804143,1,1.30769230769231
280,3.5,38,0.54,0.224035749374069,0.46,1.42279589102278,1,13.3598484848485,1,1.17647058823529
280,3.5,39,0.531,0.200361296865591,0.469,1.44532380527021,1,12.2548638132296,1,1.31578947368421
280,3.5,40,0.549,0.227743796152505,0.451,1.38640464493077,1,13.340782122905,1,1.52631578947368
280,3.5,41,0.528,0.231356764808418,0.472,1.47839213934792,1,14.1162790697674,1,1.33333333333333
280,3.5,42,0.549,0.208569708110164,0.451,1.38429656096472,1,12.2846441947566,1,1.42105263157895
280,3.5,43,0.547,0.228694577377745,0.453,1.39247878517195,1,13.4831460674157,1,1.1875
280,3.5,44,0.556,0.24320983741641,0.444,1.36882536846807,1,14.2193308550186,1,1.3
280,3.5,45,0.541,0.21101004658828,0.459,1.41339883876731,1,12.6845124282983,1,1.33333333333333
280,3.5,46,0.549,0.214432858999144,0.451,1.38942384993301,1,12.8432122370937,1,1.79310344827586
280,3.5,47,0.519,0.225525306626945,0.481,1.48889682894149,1,13.9744094488189,1,1.46153846153846
280,3.5,48,0.496,0.187652521154882,0.504,1.55798124162573,1,12.2256728778468,1,1.17647058823529
280,3.5,49,0.523,0.191043640858239,0.477,1.48959356855739,1,11.748046875,1,1.14285714285714
280,3.5,50,0.519,0.199442208347859,0.481,1.4674586869138,1,12.429702970297,1,1.11764705882353
280,3.5,51,0.518,0.2154470256394,0.482,1.50022331397946,1,13.7281947261663,1,1.21428571428571
280,3.5,52,0.574,0.222577884828701,0.426,1.32300133988388,1,12.5241502683363,1,1.38888888888889
280,3.5,53,0.541,0.229296738820397,0.459,1.41021884769987,1,13.7801147227533,1,1.47619047619048
280,3.5,54,0.555,0.227933952397553,0.445,1.36816435908888,1,13.4044943820225,1,1.52
280,3.5,55,0.562,0.219947390105537,0.438,1.34890576150067,1,12.6844036697248,1,1.55555555555556
280,3.5,56,0.55,0.252654264253795,0.45,1.37377400625279,1,14.8801498127341,1,1.47619047619048
280,3.5,57,0.52,0.201407156213355,0.48,1.48019651630192,1,12.4970414201183,1,1.33333333333333
280,3.5,58,0.51,0.211707286153456,0.49,1.52871817775793,1,13.5478615071283,1,1.40909090909091
280,3.5,59,0.507,0.197096947992267,0.493,1.52230460026798,1,12.4828973843058,1,1.45454545454545
280,3.5,60,0.535,0.231103223148354,0.465,1.44044662795891,1,14.023166023166,1,1.66666666666667
280,3.5,61,0.556,0.237790384432542,0.444,1.36671728450201,1,13.7518382352941,1,1.625
280,3.5,62,0.532,0.181123823408234,0.468,1.44982581509603,1,10.9176245210728,1,1.53333333333333
280,3.5,63,0.528,0.218077520362565,0.472,1.44895042429656,1,13.4616895874263,1,1.41666666666667
280,3.5,64,0.563,0.228219186765125,0.437,1.35038856632425,1,13.1819852941176,1,1.52173913043478
280,3.5,65,0.564,0.210819890343232,0.436,1.35521214828048,1,12.0837887067395,1,1.22222222222222
280,3.5,66,0.509,0.21291160903876,0.491,1.51505136221527,1,13.4979838709677,1,1.76923076923077
280,3.5,67,0.549,0.193895984533959,0.451,1.38795891022778,1,11.388785046729,1,1.64705882352941
280,3.5,68,0.528,0.203213640541311,0.472,1.44945064761054,1,12.4011627906977,1,1.05263157894737
280,3.5,69,0.534,0.21528856210186,0.466,1.42849486377847,1,13.1046511627907,1,1.54166666666667
280,3.5,70,0.544,0.213608848603936,0.456,1.38785171951764,1,12.5898876404494,1,1.5
280,3.5,71,0.524,0.219218457832853,0.476,1.47505136221527,1,13.7131474103586,1,1.42307692307692
280,3.5,72,0.52,0.214781478781732,0.48,1.47740955783832,1,13.3155818540434,1,1.92857142857143
280,3.5,73,0.523,0.24178366557855,0.477,1.46626172398392,1,14.8112840466926,1,1.77777777777778
280,3.5,74,0.555,0.212531296548664,0.445,1.38070567217508,1,12.2825688073394,1,1.17647058823529
280,3.5,75,0.546,0.204893354039236,0.454,1.40678874497544,1,12.0579439252336,1,1.44444444444444
280,3.5,76,0.541,0.206541374829652,0.459,1.42454667262171,1,12.4711538461538,1,1.52380952380952
280,3.5,77,0.513,0.20720692168732,0.487,1.50481464939705,1,13.1046277665996,1,1.39130434782609
280,3.5,78,0.534,0.209076791430292,0.466,1.44316212594908,1,12.6705202312139,1,1.3
280,3.5,79,0.523,0.192596583526131,0.477,1.45271996426976,1,11.9251968503937,1,1.23529411764706
280,3.5,80,0.505,0.216461192279656,0.495,1.51137114783385,1,13.7616161616162,1,1.61538461538462
280,3.5,81,0.558,0.227585332614965,0.442,1.37118356409111,1,13.1654411764706,1,1.3125
280,3.5,82,0.547,0.213355306943872,0.453,1.41170165252345,1,12.7229601518027,1,1.28
280,3.5,83,0.518,0.215827338129496,0.482,1.48057168378741,1,13.4189723320158,1,1.66666666666667
280,3.5,84,0.536,0.206636452952176,0.464,1.44973648950424,1,12.4329501915709,1,2.14285714285714
280,3.5,85,0.538,0.194244604316547,0.462,1.43472979008486,1,11.8923679060665,1,1.80645161290323
280,3.5,86,0.556,0.21291160903876,0.444,1.36918267083519,1,12.4155844155844,1,1.39130434782609
280,3.5,87,0.555,0.227712103444997,0.445,1.36275122822689,1,13.1504587155963,1,1.8
280,3.5,88,0.531,0.216746426647228,0.469,1.44228673514962,1,13.0902111324376,1,1.6
280,3.5,89,0.536,0.217760593287485,0.464,1.44321572130415,1,13.1108986615679,1,1.06666666666667
280,3.5,90,0.545,0.235191582416886,0.455,1.42015185350603,1,13.9622641509434,1,1.33333333333333
280,3.5,91,0.584,0.247963743542611,0.416,1.29091558731577,1,13.8523131672598,1,1.70833333333333
280,3.5,92,0.551,0.218299369315121,0.449,1.38109870477892,1,12.7495361781076,1,1.26666666666667
280,3.5,93,0.546,0.197160333407283,0.454,1.39740955783832,1,11.7037735849057,1,1.1
280,3.5,94,0.546,0.231293379393402,0.454,1.39583742742296,1,13.7969639468691,1,1.38095238095238
280,3.5,95,0.551,0.235888821982062,0.449,1.38838767306833,1,13.8710280373832,1,1.33333333333333
280,3.5,96,0.524,0.219281843247869,0.476,1.45479231799911,1,13.7191235059761,1,1.43478260869565
280,3.5,97,0.52,0.202072703071023,0.48,1.48437695399732,1,12.4950884086444,1,1.35714285714286
280,3.5,98,0.557,0.231990618958578,0.443,1.36332291201429,1,13.4073394495413,1,1.06666666666667
280,3.5,99,0.549,0.227617025322473,0.451,1.39682000893256,1,13.3389199255121,1,1.66666666666667
280,3.5,100,0.555,0.227141634709853,0.445,1.37432782492184,1,13.2277777777778,1,1.5625
320,4,1,0.558,0.221024942160809,0.442,1.36669941938365,1,12.8812615955473,1,1.57142857142857
320,4,2,0.567,0.229328431527905,0.433,1.34597588209022,1,13.2712177121771,1,1.69230769230769
320,4,3,0.527,0.199093588565271,0.473,1.46570790531487,1,12.1414728682171,1,1.4375
320,4,4,0.579,0.231229993978386,0.421,1.32639571237159,1,12.8849557522124,1,1.125
320,4,5,0.546,0.21211929135106,0.454,1.41075480125056,1,12.5811320754717,1,1.47368421052632
320,4,6,0.565,0.216366114157132,0.435,1.36207235372934,1,12.4770642201835,1,1.33333333333333
320,4,7,0.548,0.211358666370868,0.452,1.39265743635552,1,12.5396226415094,1,1.22727272727273
320,4,8,0.534,0.190980255443223,0.466,1.46079499776686,1,11.6252427184466,1,1.83333333333333
320,4,9,0.535,0.222292650461129,0.465,1.44803930326038,1,13.3416030534351,1,1.92307692307692
320,4,10,0.569,0.224923145184293,0.431,1.32076820008933,1,12.7707581227437,1,1.35
320,4,11,0.567,0.202104395778531,0.433,1.36207235372934,1,11.5271739130435,1,0.952380952380952
320,4,12,0.56,0.21370392672646,0.44,1.35242518981688,1,12.34375,1,1.68421052631579
320,4,13,0.594,0.221183405698349,0.406,1.26672621706119,1,11.9810671256454,1,1.375
320,4,14,0.586,0.225303457674389,0.414,1.26401071907101,1,12.4263157894737,1,1.5
320,4,15,0.584,0.207301999809844,0.416,1.28066100937919,1,11.6160714285714,1,1.44444444444444
320,4,16,0.561,0.214147624631572,0.439,1.35573023671282,1,12.3713235294118,1,1.5
320,4,17,0.557,0.206858301904732,0.443,1.39003126395712,1,12.0538033395176,1,1.57142857142857
320,4,18,0.548,0.200900072893227,0.452,1.40225100491291,1,11.930056710775,1,1.375
320,4,19,0.546,0.20688999461224,0.454,1.39551585529254,1,12.3282732447818,1,1.57142857142857
320,4,20,0.574,0.229486895065445,0.426,1.33502456453774,1,13.0379746835443,1,1.5
320,4,21,0.563,0.219535384907933,0.437,1.34817329164806,1,12.6160877513711,1,1.56521739130435
320,4,22,0.554,0.211834056983488,0.446,1.36382313532827,1,12.2970479704797,1,1.58333333333333
320,4,23,0.575,0.210344499730612,0.425,1.30865564984368,1,11.8494623655914,1,1.33333333333333
320,4,24,0.567,0.199252052102811,0.433,1.34011612326932,1,11.4069343065693,1,1.75
320,4,25,0.584,0.222387728583653,0.416,1.29663242518982,1,12.3971631205674,1,1.32
320,4,26,0.557,0.214306088169112,0.443,1.37847253238053,1,12.5615671641791,1,1.34782608695652
320,4,27,0.554,0.218838145342757,0.446,1.38944171505136,1,12.8432835820896,1,1.14285714285714
320,4,28,0.565,0.195544005324375,0.435,1.34645824028584,1,11.1727272727273,1,1.58823529411765
320,4,29,0.529,0.196938484454727,0.471,1.45970522554712,1,11.9021113243762,1,1.55555555555556
320,4,30,0.525,0.197857572972459,0.475,1.49230906654757,1,12.2524654832347,1,1.65
320,4,31,0.588,0.211422051785884,0.412,1.25586422510049,1,11.6660808435852,1,1.51851851851852
320,4,32,0.536,0.192152885621019,0.464,1.43278249218401,1,11.4980988593156,1,1.41666666666667
320,4,33,0.558,0.214052546509048,0.442,1.36057168378741,1,12.4518518518519,1,1.54166666666667
320,4,34,0.558,0.220866478623269,0.442,1.37054041983028,1,12.8555555555556,1,1.45
320,4,35,0.588,0.246030488384623,0.412,1.28146493970523,1,13.6849557522124,1,1.3
320,4,36,0.553,0.198428041707603,0.447,1.39481911567664,1,11.6429906542056,1,1.69565217391304
320,4,37,0.55,0.225081608721833,0.45,1.40317999106744,1,13.1728624535316,1,1.23076923076923
320,4,38,0.548,0.220296009888125,0.452,1.41618579723091,1,12.9719626168224,1,0.941176470588235
320,4,39,0.537,0.200900072893227,0.463,1.4524162572577,1,12.1914893617021,1,1.75
320,4,40,0.555,0.225525306626945,0.445,1.40048235819562,1,13.0551470588235,1,1.1875
320,4,41,0.563,0.218711374512725,0.437,1.358195623046,1,12.5072727272727,1,1.52941176470588
320,4,42,0.563,0.210629734098184,0.437,1.35637338097365,1,12.1042047531993,1,1.47368421052632
320,4,43,0.565,0.20958387475042,0.435,1.33523894595802,1,12.1197053406998,1,1.4
320,4,44,0.578,0.223306817101385,0.422,1.31035283608754,1,12.7005444646098,1,1.72413793103448
320,4,45,0.531,0.212879916331252,0.469,1.45613220187584,1,12.9786821705426,1,1.26315789473684
320,4,46,0.569,0.196526479257123,0.431,1.32292987941045,1,11.3425414364641,1,1.58620689655172
320,4,47,0.559,0.213038379868792,0.441,1.36784278695846,1,12.3088235294118,1,1.57894736842105
320,4,48,0.567,0.210344499730612,0.433,1.32628852166146,1,12.0418943533698,1,1.40909090909091
320,4,49,0.557,0.204893354039236,0.443,1.37522108083966,1,11.8874538745387,1,1.33333333333333
320,4,50,0.564,0.214401166291636,0.436,1.36091112103618,1,12.4051565377532,1,1.32
320,4,51,0.57,0.240452571863214,0.43,1.32280482358196,1,13.6726943942134,1,1.52631578947368
320,4,52,0.567,0.232656165816246,0.433,1.35526574363555,1,13.3656307129799,1,1.47826086956522
320,4,53,0.542,0.202389630146103,0.458,1.4136489504243,1,12.1823416506718,1,1.7037037037037
320,4,54,0.574,0.227585332614965,0.426,1.31698079499777,1,12.7526690391459,1,1.16666666666667
320,4,55,0.545,0.210756504928216,0.455,1.41506029477445,1,12.4409005628518,1,1.41176470588235
320,4,56,0.57,0.215573796469432,0.43,1.32046449307727,1,12.3937728937729,1,1.42307692307692
320,4,57,0.524,0.216461192279656,0.476,1.48693166592229,1,13.3818897637795,1,1.89473684210526
320,4,58,0.542,0.20974233828796,0.458,1.42354622599375,1,12.6449136276392,1,1.40909090909091
320,4,59,0.539,0.204132729059044,0.461,1.42388566324252,1,12.2810707456979,1,1.10526315789474
320,4,60,0.551,0.212467911133648,0.449,1.39592675301474,1,12.5725047080979,1,1.33333333333333
320,4,61,0.574,0.230247520045638,0.426,1.3089772219741,1,13.1141304347826,1,1.18518518518519
320,4,62,0.57,0.213862390264,0.43,1.32176864671728,1,12.3082568807339,1,1.57692307692308
320,4,63,0.573,0.215827338129496,0.427,1.31201429209469,1,12.2603978300181,1,1.38461538461538
320,4,64,0.549,0.219598770322949,0.451,1.39521214828048,1,13.1660305343511,1,1.19354838709677
320,4,65,0.566,0.245523405064495,0.434,1.3356141134435,1,14.1966911764706,1,1.07142857142857
320,4,66,0.539,0.194054448071499,0.461,1.4365163019205,1,11.884765625,1,1.37931034482759
320,4,67,0.572,0.225588692041961,0.428,1.33539973202322,1,12.7978339350181,1,1.5
320,4,68,0.573,0.231895540836054,0.427,1.33202322465386,1,13.1187050359712,1,1.31578947368421
320,4,69,0.558,0.202104395778531,0.442,1.3506565430996,1,11.7467652495379,1,1.22727272727273
320,4,70,0.557,0.190283015878046,0.443,1.379097811523,1,11.1340782122905,1,1.29166666666667
320,4,71,0.562,0.228853040915285,0.438,1.35556945064761,1,12.9658273381295,1,1.54545454545455
320,4,72,0.562,0.204766583209204,0.438,1.36752121482805,1,11.75,1,1.61111111111111
320,4,73,0.556,0.211675593445948,0.444,1.37216614560071,1,12.3296296296296,1,1.25
320,4,74,0.549,0.229550280480461,0.451,1.39601607860652,1,13.4293680297398,1,1.53846153846154
320,4,75,0.555,0.219693848445473,0.445,1.38401071907101,1,12.6917431192661,1,1.38461538461538
320,4,76,0.538,0.201882546825975,0.462,1.42535060294774,1,12.131931166348,1,1.48148148148148
320,4,77,0.555,0.207587234177416,0.445,1.36619919606967,1,12.1641791044776,1,1.42307692307692
320,4,78,0.574,0.226697936804741,0.426,1.32607414024118,1,12.9381818181818,1,1.44827586206897
320,4,79,0.51,0.197382182359839,0.49,1.52357302367128,1,12.5221774193548,1,1.17391304347826
320,4,80,0.56,0.218394447437645,0.44,1.38406431442608,1,12.7148148148148,1,1.23809523809524
320,4,81,0.563,0.220929864038285,0.437,1.35687360428763,1,12.7955801104972,1,1.125
320,4,82,0.575,0.214401166291636,0.425,1.31217507815989,1,12.1258992805755,1,1.11538461538462
320,4,83,0.542,0.21655627040218,0.458,1.41829388119696,1,12.9561904761905,1,1.7
320,4,84,0.585,0.219662155737965,0.415,1.28914694059848,1,12.3902877697842,1,1.34210526315789
320,4,85,0.586,0.221183405698349,0.414,1.30084859312193,1,12.1730769230769,1,1.11764705882353
320,4,86,0.562,0.213957468386524,0.438,1.3482804823582,1,12.3756906077348,1,1.5
320,4,87,0.56,0.20942541121288,0.44,1.37632871817776,1,12.0695970695971,1,1.26666666666667
320,4,88,0.584,0.229486895065445,0.416,1.28055381866905,1,12.8309608540925,1,1.30769230769231
320,4,89,0.578,0.206034291509524,0.422,1.32251898168825,1,11.4452296819788,1,1.78571428571429
320,4,90,0.561,0.21211929135106,0.439,1.37534613666816,1,12.337037037037,1,1.47826086956522
320,4,91,0.529,0.207143536272304,0.471,1.46551138901295,1,12.6998050682261,1,1.29411764705882
320,4,92,0.572,0.227395176369917,0.428,1.32602054488611,1,12.8684684684685,1,1.76190476190476
320,4,93,0.547,0.209076791430292,0.453,1.41666815542653,1,12.376647834275,1,1.45
320,4,94,0.585,0.231863848128546,0.415,1.26744082179544,1,12.9236234458259,1,1.69230769230769
320,4,95,0.553,0.214052546509048,0.447,1.38929879410451,1,12.3761467889908,1,1.07142857142857
320,4,96,0.528,0.191107026273255,0.472,1.45109423849933,1,11.6492248062016,1,1.41176470588235
320,4,97,0.543,0.211041739295788,0.457,1.43564091112104,1,12.5996204933586,1,1.16666666666667
320,4,98,0.55,0.191011948150731,0.45,1.38994193836534,1,11.1635687732342,1,1.6
320,4,99,0.543,0.191645802300891,0.457,1.41398838767307,1,11.3227016885553,1,1.16666666666667
320,4,100,0.559,0.228631191962729,0.441,1.3602858418937,1,13.2939001848429,1,1.19047619047619
360,4.5,1,0.57,0.208030932082528,0.43,1.33448861098705,1,11.9142335766423,1,1.55172413793103
360,4.5,2,0.57,0.213672234018952,0.43,1.33736489504243,1,12.1887477313975,1,1.31818181818182
360,4.5,3,0.545,0.207935853960004,0.455,1.41123715944618,1,12.4003795066414,1,1.4
360,4.5,4,0.583,0.200424682280607,0.417,1.28698526127736,1,11.2688172043011,1,1.375
360,4.5,5,0.576,0.228314264887649,0.424,1.31347923179991,1,12.8321428571429,1,1.10526315789474
360,4.5,6,0.583,0.246569264412259,0.417,1.27896382313533,1,13.8357142857143,1,1.31034482758621
360,4.5,7,0.575,0.229360124235413,0.425,1.33668602054489,1,12.8875,1,1.35
360,4.5,8,0.588,0.248946217475359,0.412,1.26669048682448,1,13.6771378708551,1,1.15789473684211
360,4.5,9,0.567,0.211105124710804,0.433,1.35283608753908,1,11.9891696750903,1,1.31578947368421
360,4.5,10,0.56,0.204956739454252,0.44,1.38292094685127,1,11.9296296296296,1,1.28
360,4.5,11,0.563,0.208823249770228,0.437,1.35044216167932,1,11.9726775956284,1,1.13333333333333
360,4.5,12,0.572,0.200963458308243,0.428,1.3234836980795,1,11.4519056261343,1,1.46153846153846
360,4.5,13,0.569,0.218743067220233,0.431,1.32300133988388,1,12.427797833935,1,1.15
360,4.5,14,0.563,0.198808354197699,0.437,1.35480125055828,1,11.391621129326,1,1.47058823529412
360,4.5,15,0.581,0.215827338129496,0.419,1.30901295221081,1,12.0390763765542,1,1.73684210526316
360,4.5,16,0.583,0.205527208189396,0.417,1.29257704332291,1,11.3473684210526,1,1.23529411764706
360,4.5,17,0.571,0.225810540994517,0.429,1.33223760607414,1,12.9271402550091,1,1.28
360,4.5,18,0.606,0.241181504135898,0.394,1.23526574363555,1,12.8542372881356,1,1.47619047619048
360,4.5,19,0.553,0.206319525877096,0.447,1.36853952657436,1,12.0782122905028,1,1.52631578947368
360,4.5,20,0.57,0.191899343960955,0.43,1.33316659222867,1,10.9255898366606,1,1.68
360,4.5,21,0.594,0.225398535796913,0.406,1.28001786511836,1,12.3205574912892,1,1.90909090909091
360,4.5,22,0.568,0.215383640224384,0.432,1.33766860205449,1,12.4401473296501,1,1.60606060606061
360,4.5,23,0.575,0.225271764966881,0.425,1.31067440821795,1,12.6625,1,1.13333333333333
360,4.5,24,0.579,0.2170316610148,0.421,1.32650290308173,1,12.1714285714286,1,1.56521739130435
360,4.5,25,0.586,0.227014863879821,0.414,1.29447074586869,1,12.5598591549296,1,1.5
360,4.5,26,0.587,0.204734890501696,0.413,1.2978293881197,1,11.3057996485062,1,1.45454545454545
360,4.5,27,0.587,0.205590593604412,0.413,1.27453327378294,1,11.3134851138354,1,1.57894736842105
360,4.5,28,0.6,0.225588692041961,0.4,1.24816435908888,1,12.2469775474957,1,1.22222222222222
360,4.5,29,0.586,0.224352676449149,0.414,1.2855739169272,1,12.4487632508834,1,1.57142857142857
360,4.5,30,0.572,0.209837416410484,0.428,1.32212594908441,1,11.8953068592058,1,1.59090909090909
360,4.5,31,0.542,0.196684942794663,0.458,1.42776239392586,1,11.8579654510557,1,1.31818181818182
360,4.5,32,0.604,0.216809812062244,0.396,1.22165252344797,1,11.8072916666667,1,1.39393939393939
360,4.5,33,0.59,0.239438405222958,0.41,1.28148280482358,1,13.1590909090909,1,1.47619047619048
360,4.5,34,0.563,0.193864291826451,0.437,1.36332291201429,1,11.1334552102377,1,1.64705882352941
360,4.5,35,0.57,0.220359395303141,0.43,1.32401965163019,1,12.6526508226691,1,1.34615384615385
360,4.5,36,0.557,0.207745697714956,0.443,1.37112996873604,1,12.0461254612546,1,1.64705882352941
360,4.5,37,0.59,0.217887364117517,0.41,1.27969629298794,1,11.9493891797557,1,1.61111111111111
360,4.5,38,0.563,0.202548093683643,0.437,1.36035730236713,1,11.6611721611722,1,1.35
360,4.5,39,0.582,0.209362025797864,0.418,1.30429656096472,1,11.6325088339223,1,1.33333333333333
360,4.5,40,0.555,0.208601400817672,0.445,1.38175971415811,1,12.2048417132216,1,1.54545454545455
360,4.5,41,0.579,0.207904161252496,0.421,1.31849933005806,1,11.6517857142857,1,1.68
360,4.5,42,0.554,0.197001869869743,0.446,1.40064314426083,1,11.6078799249531,1,1.33333333333333
360,4.5,43,0.586,0.212246062181092,0.414,1.29291648057168,1,11.8594306049822,1,1.26666666666667
360,4.5,44,0.59,0.218331062022629,0.41,1.27124609200536,1,12.0017482517483,1,1.27272727272727
360,4.5,45,0.598,0.232719551231262,0.402,1.24512728896829,1,12.5034129692833,1,1.26666666666667
360,4.5,46,0.575,0.205558900896904,0.425,1.32391246092005,1,11.752276867031,1,1.375
360,4.5,47,0.581,0.221151712990841,0.419,1.29679321125502,1,12.3718861209964,1,1.23076923076923
360,4.5,48,0.577,0.21608087978956,0.423,1.31835640911121,1,12.1377459749553,1,1.68181818181818
360,4.5,49,0.589,0.227743796152505,0.411,1.30006252791425,1,12.5499124343257,1,1.17391304347826
360,4.5,50,0.553,0.223053275441321,0.447,1.39222867351496,1,13.327619047619,1,1.38235294117647
360,4.5,51,0.564,0.199759135422939,0.436,1.35760607414024,1,11.6449814126394,1,1.38709677419355
360,4.5,52,0.565,0.20498843216176,0.435,1.36194729790085,1,11.8036697247706,1,1.53571428571429
360,4.5,53,0.544,0.194371375146579,0.456,1.41357748995087,1,11.7514450867052,1,1.33333333333333
360,4.5,54,0.553,0.214401166291636,0.447,1.38992407324699,1,12.4575645756458,1,1.2
360,4.5,55,0.583,0.225778848287009,0.417,1.30122376060741,1,12.6535714285714,1,1.55555555555556
360,4.5,56,0.555,0.227268405539885,0.445,1.37988387673068,1,13.2843866171004,1,1.36842105263158
360,4.5,57,0.598,0.219662155737965,0.402,1.25623939258598,1,11.7734241908007,1,1.52631578947368
360,4.5,58,0.57,0.235159889709378,0.43,1.34949531040643,1,13.35559566787,1,1.26315789473684
360,4.5,59,0.574,0.226222546192121,0.426,1.31365788298347,1,12.8375451263538,1,1.27272727272727
360,4.5,60,0.594,0.225969004532057,0.406,1.25747208575257,1,12.2963604852686,1,1.94736842105263
360,4.5,61,0.614,0.236966374037334,0.386,1.19181777579276,1,12.5210084033613,1,1.3
360,4.5,62,0.605,0.239184863562894,0.395,1.2284412684234,1,12.7275803722504,1,1.63157894736842
360,4.5,63,0.575,0.233480176211454,0.425,1.33020098258151,1,13.2699275362319,1,1.67857142857143
360,4.5,64,0.564,0.20704845814978,0.436,1.36150066994194,1,11.9595588235294,1,1.27586206896552
360,4.5,65,0.59,0.229613665895477,0.41,1.28173291648057,1,12.5329861111111,1,1.68421052631579
360,4.5,66,0.588,0.220010775520553,0.412,1.25439928539527,1,12.2682060390764,1,1.3125
360,4.5,67,0.573,0.227331790954901,0.427,1.33320232246539,1,12.8294434470377,1,1.61111111111111
360,4.5,68,0.598,0.213038379868792,0.402,1.24312639571237,1,11.5534482758621,1,1.14814814814815
360,4.5,69,0.595,0.230722910658258,0.405,1.27001339883877,1,12.5319516407599,1,1.47058823529412
360,4.5,70,0.575,0.225461921211929,0.425,1.32294774452881,1,12.763963963964,1,1.46153846153846
360,4.5,71,0.583,0.216651348524704,0.417,1.31528360875391,1,12.1827956989247,1,1.38235294117647
360,4.5,72,0.596,0.234906348049314,0.404,1.27392585975882,1,12.8554006968641,1,1.42307692307692
360,4.5,73,0.555,0.207967546667512,0.445,1.40328718177758,1,12.1843575418994,1,1.07692307692308
360,4.5,74,0.597,0.208918327892752,0.403,1.25899062081286,1,11.5008787346221,1,1.60606060606061
360,4.5,75,0.592,0.206604760244668,0.408,1.2811076373381,1,11.3660245183888,1,1.2962962962963
360,4.5,76,0.576,0.224225905619117,0.424,1.31430102724431,1,12.5364120781528,1,1.28571428571429
360,4.5,77,0.582,0.216492884987164,0.418,1.28828941491737,1,12.1502683363148,1,1.62068965517241
360,4.5,78,0.567,0.215256869394352,0.433,1.34669048682448,1,12.2927272727273,1,1.7
360,4.5,79,0.587,0.223560358761449,0.413,1.28453774006253,1,12.3333333333333,1,1.40909090909091
360,4.5,80,0.585,0.214242702754096,0.415,1.29527467619473,1,11.9875222816399,1,1.41379310344828
360,4.5,81,0.578,0.210629734098184,0.422,1.3068870031264,1,11.8160714285714,1,1.5
360,4.5,82,0.573,0.190885177320699,0.427,1.31453327378294,1,10.9125683060109,1,1.31034482758621
360,4.5,83,0.606,0.225113301429341,0.394,1.21809736489504,1,12.0905982905983,1,1.375
360,4.5,84,0.558,0.20609767692454,0.442,1.36108977221974,1,11.9373848987109,1,1.3
360,4.5,85,0.59,0.219567077615441,0.41,1.27029924073247,1,12.2163120567376,1,1.58620689655172
360,4.5,86,0.571,0.218964916172789,0.429,1.3454935238946,1,12.4036036036036,1,1.55555555555556
360,4.5,87,0.575,0.210946661173264,0.425,1.32046449307727,1,12.0784671532847,1,1.32258064516129
360,4.5,88,0.604,0.246822806072323,0.396,1.2490576150067,1,13.2564102564103,1,1.66666666666667
360,4.5,89,0.563,0.224035749374069,0.437,1.35503349709692,1,12.9723247232472,1,1.65384615384615
360,4.5,90,0.59,0.220169239058093,0.41,1.27515855292541,1,12.2190812720848,1,1.24137931034483
360,4.5,91,0.567,0.217253509967357,0.433,1.34040196516302,1,12.570110701107,1,1.62068965517241
360,4.5,92,0.575,0.215637181884448,0.425,1.32246538633318,1,12.0802139037433,1,1.92857142857143
360,4.5,93,0.577,0.21481317148924,0.423,1.33645377400625,1,12.1567567567568,1,1.34615384615385
360,4.5,94,0.553,0.195544005324375,0.447,1.38942384993301,1,11.4859813084112,1,1.36842105263158
360,4.5,95,0.575,0.210661426805692,0.425,1.29952657436356,1,11.9963702359347,1,1.57142857142857
360,4.5,96,0.582,0.202262859316071,0.418,1.30518981688254,1,11.1134380453752,1,1.52941176470588
360,4.5,97,0.551,0.235381738661934,0.449,1.3899598034837,1,13.9490566037736,1,1.54166666666667
360,4.5,98,0.553,0.216492884987164,0.447,1.38138454667262,1,12.6852886405959,1,1.15789473684211
360,4.5,99,0.558,0.199505593762875,0.442,1.38027690933452,1,11.5682656826568,1,1.42857142857143
360,4.5,100,0.596,0.249421608087979,0.404,1.25856185797231,1,13.7333333333333,1,1.60714285714286
400,5,1,0.59,0.216809812062244,0.41,1.28416257257704,1,11.8197573656846,1,1.47058823529412
400,5,2,0.605,0.209805723702976,0.395,1.24396605627512,1,11.1587837837838,1,1.04545454545455
400,5,3,0.587,0.215351947516876,0.413,1.27982134881644,1,11.9084507042254,1,1.60869565217391
400,5,4,0.594,0.223940671251545,0.406,1.28230460026798,1,12.3274956217163,1,1.14285714285714
400,5,5,0.612,0.229138275282857,0.388,1.20189370254578,1,12.3453608247423,1,1.43243243243243
400,5,6,0.622,0.227743796152505,0.378,1.16812862885217,1,12.0067226890756,1,1.54838709677419
400,5,7,0.601,0.224637910816721,0.399,1.24430549352389,1,12.1428571428571,1,1.5
400,5,8,0.588,0.222863119196273,0.412,1.29223760607414,1,12.2534965034965,1,1.41176470588235
400,5,9,0.576,0.226222546192121,0.424,1.33963376507369,1,12.9344262295082,1,1.33333333333333
400,5,10,0.62,0.21116851012582,0.38,1.17941938365342,1,11.0784641068447,1,1.3125
400,5,11,0.584,0.221310176528381,0.416,1.31653416703886,1,12.2337434094903,1,1.45
400,5,12,0.606,0.243526764491491,0.394,1.2195087092452,1,13.1546391752577,1,1.16
400,5,13,0.6,0.213862390264,0.4,1.2440553818669,1,11.5706896551724,1,1.65384615384615
400,5,14,0.605,0.220359395303141,0.395,1.23660562751228,1,11.8074957410562,1,1.15384615384615
400,5,15,0.597,0.214527937121668,0.403,1.25977668602054,1,11.7539267015707,1,1.38461538461538
400,5,16,0.615,0.225842233702025,0.385,1.19740955783832,1,11.9511784511785,1,1.25
400,5,17,0.575,0.212784838208728,0.425,1.32966502903082,1,12.1527272727273,1,1.16129032258065
400,5,18,0.615,0.240927962475834,0.385,1.19646270656543,1,12.7702702702703,1,1.7037037037037
400,5,19,0.566,0.222736348366241,0.434,1.35839213934792,1,12.8348623853211,1,1.46153846153846
400,5,20,0.605,0.206763223782208,0.395,1.22384993300581,1,11.0339558573854,1,1.47368421052632
400,5,21,0.566,0.209140176845308,0.434,1.36092898615453,1,12.0828729281768,1,1.64285714285714
400,5,22,0.612,0.255189680854435,0.388,1.20030370701206,1,13.6033898305085,1,1.16666666666667
400,5,23,0.594,0.222704655658733,0.406,1.26440375167485,1,12.191637630662,1,1.44444444444444
400,5,24,0.586,0.208062624790036,0.414,1.2865564984368,1,11.6138790035587,1,1.48275862068966
400,5,25,0.58,0.198903432320223,0.42,1.30402858418937,1,11.1917562724014,1,1.33333333333333
400,5,26,0.592,0.203910880106488,0.408,1.26420723537293,1,11.0811744386874,1,1.33333333333333
400,5,27,0.601,0.229803822140525,0.399,1.26183117463153,1,12.4784110535406,1,1.23076923076923
400,5,28,0.587,0.208379551865116,0.413,1.27912460920054,1,11.4929824561404,1,1.34782608695652
400,5,29,0.622,0.243526764491491,0.378,1.17246985261277,1,12.75,1,1.55172413793103
400,5,30,0.614,0.206826609197224,0.386,1.19912460920054,1,11.0016949152542,1,1.40740740740741
400,5,31,0.604,0.240008873958102,0.396,1.22654756587762,1,12.9195205479452,1,1.375
400,5,32,0.608,0.219440306785409,0.392,1.22987047789192,1,11.747870528109,1,1.26923076923077
400,5,33,0.58,0.216587963109688,0.42,1.31439035283609,1,12.0406360424028,1,1.31578947368421
400,5,34,0.586,0.213450385066396,0.414,1.29037963376507,1,11.8882978723404,1,1.33333333333333
400,5,35,0.581,0.197223718822299,0.419,1.31387226440375,1,11.1059245960503,1,1.53333333333333
400,5,36,0.617,0.21322853611384,0.383,1.19149620366235,1,11.2040133779264,1,1.41666666666667
400,5,37,0.58,0.224479447279181,0.42,1.32162572577043,1,12.5452930728242,1,1.2
400,5,38,0.585,0.203752416568947,0.415,1.27862438588656,1,11.3345132743363,1,1.20833333333333
400,5,39,0.589,0.229898900263049,0.411,1.27880303707012,1,12.7667844522968,1,1.16129032258065
400,5,40,0.576,0.200868380185719,0.424,1.33096918267084,1,11.2491103202847,1,1.16666666666667
400,5,41,0.604,0.219313535955377,0.396,1.24746761947298,1,11.791452991453,1,1.11538461538462
400,5,42,0.594,0.215256869394352,0.406,1.25136221527468,1,11.7093425605536,1,1.5
400,5,43,0.607,0.218489525560169,0.393,1.22376060741402,1,11.6328257191201,1,1.15789473684211
400,5,44,0.597,0.213767312141476,0.403,1.24891469405985,1,11.6262975778547,1,1.20689655172414
400,5,45,0.62,0.238329160460178,0.38,1.18168825368468,1,12.5301003344482,1,1.18181818181818
400,5,46,0.598,0.21402085380154,0.402,1.24166145600715,1,11.636678200692,1,1.30434782608696
400,5,47,0.58,0.197160333407283,0.42,1.29809736489504,1,11.0106571936057,1,1.21739130434783
400,5,48,0.597,0.219471999492917,0.403,1.24325145154087,1,11.9860869565217,1,1.5
400,5,49,0.599,0.220137546350585,0.401,1.24144707458687,1,12.0629370629371,1,1.64516129032258
400,5,50,0.588,0.224067442081577,0.412,1.27982134881644,1,12.3292469352014,1,1.59090909090909
400,5,51,0.598,0.238519316705226,0.402,1.26867351496204,1,12.9498269896194,1,2.05
400,5,52,0.593,0.224289291034133,0.407,1.26853059401519,1,12.3106457242583,1,1.13636363636364
400,5,53,0.602,0.254112128799163,0.398,1.23496203662349,1,13.736660929432,1,1.6
400,5,54,0.599,0.215890723544512,0.401,1.22629745422063,1,11.7335640138408,1,1.375
400,5,55,0.601,0.209362025797864,0.399,1.25454220634212,1,11.2972508591065,1,1.5
400,5,56,0.6,0.211929135106012,0.4,1.23340777132649,1,11.3880341880342,1,1.57142857142857
400,5,57,0.608,0.211453744493392,0.392,1.2202054488611,1,11.3715753424658,1,1.33333333333333
400,5,58,0.597,0.237251608404906,0.403,1.25011165698973,1,12.9306759098787,1,1.21739130434783
400,5,59,0.591,0.23798054067759,0.409,1.28634211701653,1,13.0856643356643,1,1.21739130434783
400,5,60,0.569,0.214115931924064,0.431,1.34041983028138,1,12.3003663003663,1,1.65384615384615
400,5,61,0.602,0.214686400659208,0.398,1.23419383653417,1,11.6390328151986,1,1.44444444444444
400,5,62,0.593,0.226222546192121,0.407,1.25625725770433,1,12.3986013986014,1,2.04166666666667
400,5,63,0.599,0.218901530757773,0.401,1.23342563644484,1,11.901384083045,1,1.25
400,5,64,0.593,0.213482077773904,0.407,1.27564091112104,1,11.65625,1,1.28571428571429
400,5,65,0.633,0.221722181725985,0.367,1.14234926306387,1,11.497520661157,1,1.37837837837838
400,5,66,0.594,0.200614838525655,0.406,1.26547565877624,1,10.9652173913043,1,1.44
400,5,67,0.61,0.239533483345482,0.39,1.21788298347477,1,12.8784246575342,1,1.375
400,5,68,0.579,0.191645802300891,0.421,1.3195891022778,1,10.7553571428571,1,1.23809523809524
400,5,69,0.59,0.203910880106488,0.41,1.28932559178205,1,11.1710296684119,1,1.78260869565217
400,5,70,0.597,0.200107755205527,0.403,1.26359982134882,1,10.9079861111111,1,1.37037037037037
400,5,71,0.587,0.223687129591481,0.413,1.28050022331398,1,12.3427065026362,1,1.77272727272727
400,5,72,0.602,0.218299369315121,0.398,1.22642251004913,1,11.9355400696864,1,1.29032258064516
400,5,73,0.586,0.210502963268152,0.414,1.28142920946851,1,11.7978533094812,1,1.58823529411765
400,5,74,0.592,0.222387728583653,0.408,1.2830728003573,1,12.1634782608696,1,1.3
400,5,75,0.597,0.222165879631097,0.403,1.2675837427423,1,12.1408695652174,1,1.32
400,5,76,0.606,0.226729629512249,0.394,1.23717731129969,1,12.1638225255973,1,1.27272727272727
400,5,77,0.605,0.223180046271353,0.395,1.24478785171952,1,11.9744027303754,1,1.25
400,5,78,0.602,0.200963458308243,0.398,1.2372130415364,1,10.98606271777,1,1.2
400,5,79,0.614,0.219281843247869,0.386,1.19203215721304,1,11.4378109452736,1,1.63157894736842
400,5,80,0.602,0.225240072259373,0.398,1.22972755694506,1,12.0578231292517,1,1.16666666666667
400,5,81,0.59,0.2146547079517,0.41,1.28019651630192,1,11.9203539823009,1,1.46875
400,5,82,0.605,0.240389186448198,0.395,1.22402858418937,1,12.680067001675,1,1.83333333333333
400,5,83,0.614,0.243178144708902,0.386,1.21234479678428,1,12.7959866220736,1,1.26086956521739
400,5,84,0.608,0.236047285519602,0.392,1.22025904421617,1,12.5439189189189,1,1.3
400,5,85,0.608,0.204734890501696,0.392,1.23010272443055,1,10.9557069846678,1,1.28571428571429
400,5,86,0.601,0.220708015085729,0.399,1.23505136221527,1,11.9896193771626,1,1.39285714285714
400,5,87,0.599,0.212024213228536,0.401,1.25977668602054,1,11.4741379310345,1,1.66666666666667
400,5,88,0.6,0.21132697366336,0.4,1.26134881643591,1,11.433734939759,1,1.36363636363636
400,5,89,0.578,0.206002598802016,0.422,1.30117016525234,1,11.589605734767,1,1.54166666666667
400,5,90,0.586,0.200614838525655,0.414,1.30810183117463,1,11.1882770870337,1,1.37037037037037
400,5,91,0.569,0.212372833011124,0.431,1.35626619026351,1,11.9802867383513,1,1.35714285714286
400,5,92,0.609,0.215351947516876,0.391,1.18756587762394,1,11.6299483648881,1,1.33333333333333
400,5,93,0.602,0.212150984058568,0.398,1.24671728450201,1,11.4,1,1.44444444444444
400,5,94,0.576,0.212689760086204,0.424,1.32605627512282,1,12.036036036036,1,1.38461538461538
400,5,95,0.571,0.192628276233639,0.429,1.33863331844573,1,10.978221415608,1,1.4
400,5,96,0.592,0.21639780686464,0.408,1.29173738276016,1,11.8916083916084,1,1.23076923076923
400,5,97,0.614,0.221753874433493,0.386,1.20861098704779,1,11.6410684474124,1,1.40909090909091
400,5,98,0.605,0.209076791430292,0.395,1.24007146047343,1,11.3965217391304,1,1.41666666666667
400,5,99,0.565,0.200614838525655,0.435,1.33972309066548,1,11.6914498141264,1,1.46666666666667
400,5,100,0.572,0.209393718505372,0.428,1.32800357302367,1,12.1481481481481,1,1.38461538461538
