SeedDensity,PlantDensity,Run,pEscape,timeEscape,pExtinct,timeExtinct,pRWplant,timeRWplant,pRRplant,timeRRplant
80,1,1,0.32,14.371875,0.68,Inf,1,14.7427652733119,1,1.45454545454545
80,1,2,0.33,6.54153846153846,0.67,Inf,1,13.23125,1,1.72727272727273
80,1,3,0.346,4.98092369477912,0.654,Inf,1,14.4795321637427,1,2
80,1,4,0.325,3.11884935654807,0.675,Inf,1,12.853125,1,1.33333333333333
80,1,5,0.319,2.53658536585366,0.681,Inf,1,13.0407523510972,1,NaN
80,1,6,0.327,2.38840874428063,0.673,Inf,1,14.65,1,1.375
80,1,7,0.32,1.87888062964582,0.68,Inf,1,13.5457413249211,1,1
80,1,8,0.318,1.51631477927063,0.682,Inf,1,12.493670886076,1,1
80,1,9,0.332,1.6040177051413,0.668,Inf,1,14.3792048929664,1,1.8
80,1,10,0.321,1.4048496009822,0.679,Inf,1,14.4132492113565,1,2
80,1,11,0.303,1.18337545633249,0.697,Inf,1,14.1174496644295,1,1.33333333333333
80,1,12,0.323,1.20494335736354,0.677,Inf,1,14.7381703470032,1,1.33333333333333
80,1,13,0.302,0.930243669374104,0.698,Inf,1,12.97,1,1.5
80,1,14,0.323,0.987136837436239,0.677,Inf,1,13.896875,1,1.33333333333333
80,1,15,0.326,0.953671147880041,0.674,Inf,1,14.3489096573209,1,1
80,1,16,0.328,0.860933565756343,0.672,Inf,1,13.6584615384615,1,1.83333333333333
80,1,17,0.306,0.810385810934357,0.694,Inf,1,14.6777408637874,1,2.5
80,1,18,0.316,0.729991356957649,0.684,Inf,1,13.556270096463,1,1.33333333333333
80,1,19,0.335,0.723366013071895,0.665,Inf,1,13.2822822822823,1,2
80,1,20,0.338,0.748064416227934,0.662,Inf,1,14.4461077844311,1,1.4
80,1,21,0.303,0.667061085638219,0.697,Inf,1,14.9271523178808,1,1.5
80,1,22,0.308,0.58282642523695,0.692,Inf,1,13.6511627906977,1,1.57142857142857
80,1,23,0.305,0.619880661784649,0.695,Inf,1,15.0792079207921,1,1
80,1,24,0.357,0.643513128961325,0.643,Inf,1,14.1538461538462,1,1.11111111111111
80,1,25,0.313,0.532197911486822,0.687,Inf,1,14.0460526315789,1,1.22222222222222
80,1,26,0.315,0.567053475296088,0.685,Inf,1,15.1341853035144,1,1.5
80,1,27,0.294,0.440771986594245,0.706,Inf,1,13.0927835051546,1,1.2
80,1,28,0.321,0.50011143302875,0.679,Inf,1,14.1037735849057,1,1
80,1,29,0.336,0.483566058002148,0.664,Inf,1,13.6121212121212,1,1.66666666666667
80,1,30,0.312,0.462689669507379,0.688,Inf,1,14.4448051948052,1,0.8
80,1,31,0.331,0.412036571887873,0.669,Inf,1,12.4908536585366,1,1.2
80,1,32,0.326,0.479326782760969,0.674,Inf,1,15.375,1,1.375
80,1,33,0.315,0.414763073437795,0.685,Inf,1,14.2272727272727,1,1.625
80,1,34,0.321,0.429592304168575,0.679,Inf,1,14.7358490566038,1,1
80,1,35,0.322,0.404556376257008,0.678,Inf,1,14.3154574132492,1,1.6
80,1,36,0.323,0.346107266435986,0.677,Inf,1,12.596214511041,1,1.33333333333333
80,1,37,0.299,0.374146218062231,0.701,Inf,1,14.972972972973,1,1.66666666666667
80,1,38,0.327,0.39898243886427,0.673,Inf,1,15.0714285714286,1,1.8
80,1,39,0.328,0.348729423046188,0.672,Inf,1,13.4537037037037,1,1.25
80,1,40,0.34,0.371557491831337,0.66,Inf,1,14.160237388724,1,1.33333333333333
80,1,41,0.319,0.340089577165414,0.681,Inf,1,14.1677215189873,1,1
80,1,42,0.329,0.340245889497852,0.671,Inf,1,14.0428134556575,1,1
80,1,43,0.314,0.30833815865663,0.686,Inf,1,13.7605177993528,1,1.42857142857143
80,1,44,0.302,0.316758747697974,0.698,Inf,1,14.9364548494983,1,1.6
80,1,45,0.313,0.268172683805696,0.687,Inf,1,12.6578947368421,1,2.3
80,1,46,0.312,0.327952248524724,0.688,Inf,1,15.6343042071197,1,1.33333333333333
80,1,47,0.315,0.261854163899588,0.685,Inf,1,12.6282051282051,1,1
80,1,48,0.317,0.327284552845528,0.683,Inf,1,15.9619047619048,1,2
80,1,49,0.329,0.306928171166582,0.671,Inf,1,14.8518518518519,1,1.66666666666667
80,1,50,0.329,0.234453938751325,0.671,Inf,1,11.5864197530864,1,1
80,1,51,0.321,0.276079246667482,0.679,Inf,1,14.2271293375394,1,1.2
80,1,52,0.288,0.235308256219204,0.712,Inf,1,13.8197879858657,1,1
80,1,53,0.324,0.266768831781209,0.676,Inf,1,14.13125,1,1
80,1,54,0.305,0.25117248566962,0.695,Inf,1,14.3820598006645,1,2
80,1,55,0.319,0.266799317794201,0.681,Inf,1,14.8793650793651,1,1.5
80,1,56,0.336,0.238982483543456,0.664,Inf,1,12.8885542168675,1,1.2
80,1,57,0.325,0.229631253082023,0.675,Inf,1,13.1509433962264,1,1.25
80,1,58,0.31,0.249878778083077,0.69,Inf,1,15.2706270627063,1,1.57142857142857
80,1,59,0.35,0.237427951985617,0.65,Inf,1,13.031976744186,1,1.16666666666667
80,1,60,0.325,0.231648991474319,0.675,Inf,1,13.8691588785047,1,1
80,1,61,0.32,0.214000818163224,0.68,Inf,1,13.3482428115016,1,1
80,1,62,0.309,0.215051598288447,0.691,Inf,1,14.0263157894737,1,1.5
80,1,63,0.333,0.250816912565601,0.667,Inf,1,15.3424242424242,1,1
80,1,64,0.32,0.2045521005946,0.68,Inf,1,13.1823899371069,1,2
80,1,65,0.324,0.208713175319067,0.676,Inf,1,13.5295950155763,1,1.8
80,1,66,0.341,0.231978473304065,0.659,Inf,1,14.6041666666667,1,1.4
80,1,67,0.337,0.215845724907063,0.663,Inf,1,13.8952095808383,1,1.25
80,1,68,0.319,0.193873345849169,0.681,Inf,1,13.5916398713826,1,1.09090909090909
80,1,69,0.335,0.213357986831424,0.665,Inf,1,14.3212121212121,1,1
80,1,70,0.32,0.182715390770872,0.68,Inf,1,12.993670886076,1,1
80,1,71,0.308,0.195377598456276,0.692,Inf,1,14.6732673267327,1,1.8
80,1,72,0.292,0.193210357668659,0.708,Inf,1,15.5191637630662,1,1.6
80,1,73,0.323,0.196224964769185,0.677,Inf,1,14.346875,1,1.25
80,1,74,0.299,0.185655253837072,0.701,Inf,1,14.9591836734694,1,1
80,1,75,0.313,0.16538349494361,0.687,Inf,1,12.7371794871795,1,0.5
80,1,76,0.295,0.154785397138629,0.705,Inf,1,12.8430034129693,1,1
80,1,77,0.304,0.173217476043528,0.696,Inf,1,14.2852348993289,1,1.42857142857143
80,1,78,0.329,0.168249388948992,0.671,Inf,1,12.8711656441718,1,1
80,1,79,0.314,0.164932135649559,0.686,Inf,1,13.349358974359,1,1.5
80,1,80,0.298,0.166842661034847,0.702,Inf,1,14.6185567010309,1,1.71428571428571
80,1,81,0.346,0.181748022380861,0.654,Inf,1,13.7602339181287,1,1
80,1,82,0.313,0.149763611407656,0.687,Inf,1,12.6925566343042,1,1.4
80,1,83,0.309,0.172513848588763,0.691,Inf,1,15.0759075907591,1,1.57142857142857
80,1,84,0.302,0.139274935727859,0.698,Inf,1,12.5234899328859,1,1.25
80,1,85,0.353,0.167843483377464,0.647,Inf,1,12.9659090909091,1,0.666666666666667
80,1,86,0.335,0.165619210229956,0.665,Inf,1,13.8358662613982,1,1.14285714285714
80,1,87,0.315,0.167408950506429,0.685,Inf,1,15.2360655737705,1,1.4
80,1,88,0.31,0.161835748792271,0.69,Inf,1,14.990099009901,1,2
80,1,89,0.306,0.142139292993183,0.694,Inf,1,13.2993421052632,1,1
80,1,90,0.299,0.126995166394269,0.701,Inf,1,12.244966442953,1,3
80,1,91,0.309,0.160427991467694,0.691,Inf,1,15.3597359735974,1,1.42857142857143
80,1,92,0.331,0.140592577473892,0.669,Inf,1,12.8317757009346,1,1.36363636363636
80,1,93,0.321,0.155663234403392,0.679,Inf,1,14.5678233438486,1,1.8
80,1,94,0.332,0.157404326123128,0.668,Inf,1,14.478527607362,1,1.57142857142857
80,1,95,0.302,0.131095150237217,0.698,Inf,1,13.2976588628763,1,1
80,1,96,0.344,0.156697941099818,0.656,Inf,1,14.0584795321637,1,1
80,1,97,0.318,0.137808731540595,0.682,Inf,1,13.6698717948718,1,1.42857142857143
80,1,98,0.297,0.14515665421098,0.703,Inf,1,15.3932203389831,1,1.5
80,1,99,0.335,0.147633192188586,0.665,Inf,1,14.024024024024,1,1
80,1,100,0.305,0.134236800100153,0.695,Inf,1,14.2292358803987,1,1.5
120,1.5,1,0.434,0.175925636130325,0.566,Inf,1,13.1643192488263,1,1.55555555555556
120,1.5,2,0.441,0.187005101561766,0.559,Inf,1,13.7149425287356,1,1.5
120,1.5,3,0.432,0.173421802134518,0.568,Inf,1,13.0023529411765,1,2
120,1.5,4,0.436,0.182153923194892,0.564,Inf,1,13.4895591647332,1,1.2
120,1.5,5,0.421,0.176833275953804,0.579,Inf,1,13.5697115384615,1,1
120,1.5,6,0.455,0.190854746330318,0.545,Inf,1,13.4569536423841,1,1
120,1.5,7,0.445,0.181246283371412,0.555,Inf,1,13.2242562929062,1,1.4
120,1.5,8,0.451,0.190385277456105,0.549,Inf,1,13.7088036117381,1,1.25
120,1.5,9,0.442,0.169666051140809,0.558,Inf,1,12.4344827586207,1,2
120,1.5,10,0.433,0.16900879471691,0.567,Inf,1,12.6478873239437,1,1.71428571428571
120,1.5,11,0.441,0.178022597101812,0.559,Inf,1,13.1062355658199,1,1.5
120,1.5,12,0.428,0.18036994147288,0.572,Inf,1,13.5211267605634,1,1.33333333333333
120,1.5,13,0.462,0.185940972113549,0.538,Inf,1,13.057268722467,1,1.625
120,1.5,14,0.412,0.168508027917749,0.588,Inf,1,13.2186732186732,1,0.857142857142857
120,1.5,15,0.445,0.195455541297612,0.555,Inf,1,14.2608695652174,1,1.6
120,1.5,16,0.463,0.196801352070358,0.537,Inf,1,13.7912087912088,1,1.55555555555556
120,1.5,17,0.415,0.176207317454853,0.585,Inf,1,13.8349753694581,1,1.36363636363636
120,1.5,18,0.422,0.170417201339551,0.578,Inf,1,12.9595238095238,1,1
120,1.5,19,0.429,0.171293543238083,0.571,Inf,1,12.8867924528302,1,1.71428571428571
120,1.5,20,0.443,0.202372382711026,0.557,Inf,1,14.7175398633257,1,1.2
120,1.5,21,0.438,0.170479797189446,0.562,Inf,1,12.711943793911,1,1.72727272727273
120,1.5,22,0.452,0.17288973741041,0.548,Inf,1,12.4524886877828,1,1.90909090909091
120,1.5,23,0.413,0.176144721604958,0.587,Inf,1,13.8641975308642,1,1.55555555555556
120,1.5,24,0.448,0.187318080811242,0.552,Inf,1,13.5260770975057,1,2.44444444444444
120,1.5,25,0.429,0.194860880723608,0.571,Inf,1,14.81861575179,1,1.63636363636364
120,1.5,26,0.47,0.194391411849394,0.53,Inf,1,13.2955032119914,1,0.833333333333333
120,1.5,27,0.434,0.186879909861976,0.566,Inf,1,13.8951048951049,1,1.83333333333333
120,1.5,28,0.458,0.194078432599919,0.542,Inf,1,13.7294900221729,1,1.25
120,1.5,29,0.45,0.183593627742481,0.55,Inf,1,13.2511312217195,1,1.125
120,1.5,30,0.431,0.18425088416638,0.569,Inf,1,14.1985472154964,1,1.25
120,1.5,31,0.445,0.1833432443429,0.555,Inf,1,13.3189066059226,1,1.625
120,1.5,32,0.455,0.175737848580639,0.545,Inf,1,12.5650224215247,1,1.25
120,1.5,33,0.427,0.184626459265751,0.573,Inf,1,14.0119047619048,1,1.875
120,1.5,34,0.405,0.171293543238083,0.595,Inf,1,13.655,1,1.75
120,1.5,35,0.447,0.178836343150449,0.553,Inf,1,12.9342403628118,1,1.44444444444444
120,1.5,36,0.442,0.168946198867015,0.558,Inf,1,12.3150684931507,1,1
120,1.5,37,0.402,0.167443898469531,0.598,Inf,1,13.5507614213198,1,1.375
120,1.5,38,0.438,0.173828675158837,0.562,Inf,1,12.7880184331797,1,1
120,1.5,39,0.418,0.179024130700135,0.582,Inf,1,13.8353510895884,1,1.2
120,1.5,40,0.426,0.169947732465338,0.574,Inf,1,13.0652173913043,1,1.6
120,1.5,41,0.436,0.182028731495102,0.564,Inf,1,13.5093023255814,1,1.125
120,1.5,42,0.464,0.185315013614597,0.536,Inf,1,12.9824175824176,1,1.5
120,1.5,43,0.421,0.166974429595318,0.579,Inf,1,12.8526570048309,1,1.72727272727273
120,1.5,44,0.45,0.167287408844794,0.55,Inf,1,12.0406320541761,1,1.5
120,1.5,45,0.433,0.174611123282526,0.567,Inf,1,13.075117370892,1,1.25
120,1.5,46,0.403,0.165284341648149,0.597,Inf,1,13.3131313131313,1,1.22222222222222
120,1.5,47,0.449,0.192544834277487,0.551,Inf,1,13.8713318284424,1,1.16666666666667
120,1.5,48,0.43,0.193202090701386,0.57,Inf,1,14.6042654028436,1,1.3
120,1.5,49,0.444,0.175518763106006,0.556,Inf,1,12.702947845805,1,2
120,1.5,50,0.433,0.186535632687553,0.567,Inf,1,14.0023529411765,1,1.22222222222222
120,1.5,51,0.438,0.190353979531157,0.562,Inf,1,14.1468531468531,1,1.44444444444444
120,1.5,52,0.427,0.185221119839755,0.573,Inf,1,13.9223529411765,1,0.75
120,1.5,53,0.425,0.182341710744578,0.575,Inf,1,13.8571428571429,1,1.125
120,1.5,54,0.439,0.176833275953804,0.561,Inf,1,13.0023041474654,1,1.33333333333333
120,1.5,55,0.43,0.171230947388188,0.57,Inf,1,12.875,1,1.85714285714286
120,1.5,56,0.433,0.170260711714813,0.567,Inf,1,12.8530805687204,1,1.45454545454545
120,1.5,57,0.429,0.180213451848142,0.571,Inf,1,13.4824355971897,1,0.8
120,1.5,58,0.427,0.185440205314388,0.573,Inf,1,13.9693396226415,1,0.75
120,1.5,59,0.437,0.180870708272042,0.563,Inf,1,13.3587962962963,1,1.33333333333333
120,1.5,60,0.453,0.182936371318582,0.547,Inf,1,13.1647855530474,1,1.3
120,1.5,61,0.436,0.180870708272042,0.564,Inf,1,13.5011709601874,1,1.38461538461538
120,1.5,62,0.439,0.180307345622985,0.561,Inf,1,13.3674418604651,1,1.44444444444444
120,1.5,63,0.429,0.178272980501393,0.571,Inf,1,13.4940617577197,1,1.875
120,1.5,64,0.457,0.188789083283778,0.543,Inf,1,13.3547671840355,1,1.42857142857143
120,1.5,65,0.444,0.185033332290069,0.556,Inf,1,13.5321100917431,1,1.5
120,1.5,66,0.431,0.172075991361773,0.569,Inf,1,13.0595238095238,1,1.16666666666667
120,1.5,67,0.445,0.179024130700135,0.555,Inf,1,12.9886363636364,1,1
120,1.5,68,0.439,0.18553409908923,0.561,Inf,1,13.6766743648961,1,1
120,1.5,69,0.425,0.155863666238928,0.575,Inf,1,11.7914691943128,1,1.2
120,1.5,70,0.44,0.182279114894682,0.56,Inf,1,13.4490740740741,1,1.7
120,1.5,71,0.437,0.174579825357579,0.563,Inf,1,12.8729792147806,1,1
120,1.5,72,0.42,0.172263778911458,0.58,Inf,1,13.2457831325301,1,1.28571428571429
120,1.5,73,0.44,0.18218522111984,0.56,Inf,1,13.3112128146453,1,1.25
120,1.5,74,0.436,0.177459234452756,0.564,Inf,1,13.0576036866359,1,1.33333333333333
120,1.5,75,0.44,0.175237081781478,0.56,Inf,1,12.9122401847575,1,1.11111111111111
120,1.5,76,0.424,0.177584426152546,0.576,Inf,1,13.6409638554217,1,1.4
120,1.5,77,0.421,0.177083659353385,0.579,Inf,1,13.5817307692308,1,1.5
120,1.5,78,0.446,0.186973803636819,0.554,Inf,1,13.5590909090909,1,1.28571428571429
120,1.5,79,0.447,0.186285249287972,0.553,Inf,1,13.5307517084282,1,1.4
120,1.5,80,0.455,0.179274514099715,0.545,Inf,1,12.8183856502242,1,1.18181818181818
120,1.5,81,0.454,0.192325748802854,0.546,Inf,1,13.6964285714286,1,1.5
120,1.5,82,0.468,0.207693029952114,0.532,Inf,1,14.3665943600868,1,1.66666666666667
120,1.5,83,0.431,0.190479171230947,0.569,Inf,1,14.4228028503563,1,1.4
120,1.5,84,0.425,0.167819473568902,0.575,Inf,1,12.7852028639618,1,0.888888888888889
120,1.5,85,0.434,0.191324215204532,0.566,Inf,1,14.2546728971963,1,2
120,1.5,86,0.429,0.183155456793215,0.571,Inf,1,13.8388625592417,1,1.6
120,1.5,87,0.427,0.188163124784827,0.573,Inf,1,14.297619047619,1,1
120,1.5,88,0.449,0.186066163813339,0.551,Inf,1,13.3415730337079,1,1.66666666666667
120,1.5,89,0.425,0.185221119839755,0.575,Inf,1,14.360097323601,1,1.13333333333333
120,1.5,90,0.413,0.167099621295108,0.587,Inf,1,13.0612745098039,1,1.83333333333333
120,1.5,91,0.447,0.188663891583988,0.553,Inf,1,13.7015945330296,1,1.7
120,1.5,92,0.448,0.177114957278332,0.552,Inf,1,12.7873303167421,1,1.14285714285714
120,1.5,93,0.441,0.179587493349191,0.559,Inf,1,13.1935483870968,1,1.5
120,1.5,94,0.427,0.16681793997058,0.573,Inf,1,12.6137440758294,1,1.33333333333333
120,1.5,95,0.401,0.16578510844731,0.599,Inf,1,13.3224181360202,1,2
120,1.5,96,0.439,0.184344777941223,0.561,Inf,1,13.5889145496536,1,1
120,1.5,97,0.446,0.169384369816281,0.554,Inf,1,12.2054176072235,1,1.5
120,1.5,98,0.432,0.178961534850239,0.568,Inf,1,13.4352941176471,1,1.14285714285714
120,1.5,99,0.446,0.184939438515226,0.554,Inf,1,13.4419134396355,1,1.125
120,1.5,100,0.43,0.169509561516071,0.57,Inf,1,12.6223776223776,1,1
160,2,1,0.534,0.223467184125692,0.466,140.480686695279,1,13.5275142314991,1,1.44444444444444
160,2,2,0.506,0.201057869863228,0.494,71.89375,1,12.8537074148297,1,1.3
160,2,3,0.517,0.206597602578949,0.483,46.6881496881497,1,12.9665354330709,1,1.45454545454545
160,2,4,0.557,0.205345685581046,0.443,32.6770943796394,1,11.9725776965265,1,1.13333333333333
160,2,5,0.543,0.209915182623392,0.457,27.0840802390098,1,12.6389413988658,1,1.46666666666667
160,2,6,0.526,0.201589934587337,0.474,23.3585374511892,1,12.4150579150579,1,1.25
160,2,7,0.526,0.19871052549216,0.474,20.3239137040413,1,12.2335907335907,1,1.45454545454545
160,2,8,0.538,0.207567838252324,0.462,17.0719424460432,1,12.3675373134328,1,1.25
160,2,9,0.516,0.213107570968045,0.484,15.7422704743923,1,13.3799212598425,1,1.54545454545455
160,2,10,0.544,0.203280022534506,0.456,13.3771574685702,1,12.0914179104478,1,1.6
160,2,11,0.55,0.220744264655253,0.45,12.1349406960918,1,12.9247706422018,1,1.66666666666667
160,2,12,0.541,0.211949547744985,0.459,11.5414137807926,1,12.703007518797,1,1.5
160,2,13,0.509,0.192701323902225,0.491,11.1508288199573,1,12.4,1,1.375
160,2,14,0.551,0.215580107038903,0.449,9.58162641394069,1,12.6721915285451,1,0.888888888888889
160,2,15,0.538,0.222872523551689,0.462,9.24243289548829,1,13.4423440453686,1,1.11111111111111
160,2,16,0.556,0.21949234765735,0.444,8.27738990332975,1,12.7737226277372,1,1.45454545454545
160,2,17,0.554,0.19767769396889,0.446,7.81884975931087,1,11.5457875457875,1,1.45454545454545
160,2,18,0.553,0.216769428186911,0.447,7.45642009351397,1,12.6880733944954,1,1.33333333333333
160,2,19,0.558,0.227880191543301,0.442,7.00136627575999,1,13.2609489051095,1,1.4
160,2,20,0.528,0.224875590748333,0.472,7.07131280388979,1,13.7658349328215,1,1.66666666666667
160,2,21,0.571,0.219961816531564,0.429,6.14477488641057,1,12.4063604240283,1,1.125
160,2,22,0.538,0.212825889643517,0.462,6.2822787305342,1,12.8260869565217,1,1.66666666666667
160,2,23,0.523,0.196550968670777,0.477,6.20756848347924,1,12.1964980544747,1,1.23076923076923
160,2,24,0.542,0.22440612187412,0.458,5.78187889179677,1,13.3389199255121,1,1.28571428571429
160,2,25,0.525,0.201402147037651,0.475,5.73641398407754,1,12.4437984496124,1,1.54545454545455
160,2,26,0.511,0.205220493881256,0.489,5.6835201328352,1,13.076,1,1.57142857142857
160,2,27,0.538,0.20180902006197,0.462,5.12257136003838,1,12.2514285714286,1,1.1875
160,2,28,0.564,0.211010609996557,0.436,4.71598547477401,1,12.0879712746858,1,1.25
160,2,29,0.528,0.19354636787581,0.472,4.85560939247111,1,11.9131274131274,1,1.21428571428571
160,2,30,0.539,0.204657131232199,0.461,4.63418852695301,1,12.3598484848485,1,1.13333333333333
160,2,31,0.516,0.201057869863228,0.484,4.67855153203343,1,12.541015625,1,0.857142857142857
160,2,32,0.547,0.222277862977685,0.453,4.2219671909809,1,13.1973929236499,1,1.41666666666667
160,2,33,0.527,0.191637194454008,0.473,4.29942430982598,1,11.7557692307692,1,1.5
160,2,34,0.545,0.235923758254828,0.455,4.02896893462931,1,14.1315789473684,1,1.53846153846154
160,2,35,0.561,0.219085474633032,0.439,3.75828182941904,1,12.5791366906475,1,1.14285714285714
160,2,36,0.545,0.203123532909768,0.455,3.78593327321912,1,12.0483271375465,1,1.125
160,2,37,0.518,0.187912741385246,0.482,3.92942688555237,1,11.6731517509728,1,1
160,2,38,0.526,0.205314387656098,0.474,3.77983059519072,1,12.6127167630058,1,1.875
160,2,39,0.517,0.198053269068261,0.483,3.70908487329866,1,12.4802371541502,1,1.13333333333333
160,2,40,0.516,0.194673093173923,0.484,3.60292057333764,1,12.2687747035573,1,1.16666666666667
160,2,41,0.541,0.207473944477481,0.459,3.3845506651943,1,12.3757009345794,1,1.25
160,2,42,0.509,0.193734155425495,0.491,3.52798851753127,1,12.4225352112676,1,1.28571428571429
160,2,43,0.536,0.203843385183562,0.464,3.2520028039255,1,12.3771428571429,1,1.41666666666667
160,2,44,0.517,0.183061563018372,0.483,3.27391835736984,1,11.490157480315,1,1.7
160,2,45,0.529,0.206785390128634,0.471,3.13953932906432,1,12.6156787762906,1,1.5
160,2,46,0.525,0.213983912866577,0.475,3.10747161347601,1,13.1151631477927,1,1
160,2,47,0.548,0.209383117899283,0.452,2.85612959319087,1,12.3475046210721,1,1.33333333333333
160,2,48,0.512,0.190072298206629,0.488,3.01615863211136,1,11.9684418145957,1,1.16666666666667
160,2,49,0.509,0.20090138023849,0.491,2.98261212333567,1,12.8376753507014,1,1.45454545454545
160,2,50,0.56,0.218177834809552,0.44,2.64055517359918,1,12.5667870036101,1,1.57142857142857
160,2,51,0.565,0.225939720196551,0.435,2.56008773779896,1,12.9407540394973,1,1.3
160,2,52,0.538,0.201057869863228,0.462,2.65484711820928,1,12.1768060836502,1,1.5
160,2,53,0.538,0.212888485493412,0.462,2.61990986967642,1,12.7265917602996,1,1.4
160,2,54,0.533,0.208412882225908,0.467,2.58112200175313,1,12.7093690248566,1,1.18181818181818
160,2,55,0.527,0.206128133704735,0.473,2.56051777404091,1,12.6015325670498,1,1.5
160,2,56,0.554,0.219273262182717,0.446,2.41757312526425,1,12.8095238095238,1,1.44444444444444
160,2,57,0.528,0.197834183593628,0.472,2.48325720110234,1,12.2890625,1,1.68421052631579
160,2,58,0.543,0.229351194015837,0.457,2.37552883544868,1,13.7387218045113,1,1.66666666666667
160,2,59,0.554,0.212575506243936,0.446,2.28161507009346,1,12.5314814814815,1,1.78571428571429
160,2,60,0.549,0.217364088760915,0.451,2.2431850016162,1,12.8425925925926,1,1.08333333333333
160,2,61,0.552,0.220932052204939,0.448,2.22759888303701,1,12.9522058823529,1,1.55555555555556
160,2,62,0.563,0.229945854589841,0.437,2.12722779170148,1,13.1924460431655,1,1.55555555555556
160,2,63,0.523,0.204500641607461,0.477,2.26587913028591,1,12.7917485265226,1,1.52941176470588
160,2,64,0.543,0.219210666332822,0.457,2.14078619108624,1,13.0260707635009,1,1.71428571428571
160,2,65,0.543,0.206691496353792,0.457,2.13420100268933,1,12.4105461393597,1,1.14285714285714
160,2,66,0.546,0.199524271540797,0.454,2.05060020279331,1,11.8107606679035,1,1.18181818181818
160,2,67,0.537,0.218678601608713,0.463,2.03002964299523,1,13.3961538461538,1,1.22222222222222
160,2,68,0.516,0.214735063065319,0.484,2.16513324873096,1,13.4636542239686,1,1.125
160,2,69,0.551,0.206315921254421,0.449,1.96559166692734,1,12.1608133086876,1,1.3
160,2,70,0.517,0.20697317767832,0.483,2.07552693208431,1,12.8388349514563,1,0.8
160,2,71,0.547,0.208694563550437,0.453,1.93058805652636,1,12.3836126629423,1,1.72727272727273
160,2,72,0.516,0.194172326374761,0.484,2.01946748929288,1,12.1529411764706,1,1
160,2,73,0.526,0.192857813526963,0.474,1.94126332575377,1,11.9398058252427,1,1.18181818181818
160,2,74,0.549,0.212450314544146,0.451,1.83872471877368,1,12.5249537892791,1,1.33333333333333
160,2,75,0.545,0.202810553660292,0.455,1.81080847881734,1,12.1067415730337,1,1.33333333333333
160,2,76,0.523,0.210635034897186,0.477,1.87737615615956,1,13.0504854368932,1,1.125
160,2,77,0.529,0.201902913836813,0.471,1.84486379035193,1,12.2977099236641,1,1.4
160,2,78,0.525,0.215986980063222,0.475,1.82313770999116,1,13.3891050583658,1,1.61538461538462
160,2,79,0.541,0.23266877406028,0.459,1.73594172055333,1,13.8619402985075,1,0.833333333333333
160,2,80,0.52,0.197990673218366,0.48,1.80528399450594,1,12.295719844358,1,1
160,2,81,0.538,0.218522111983975,0.462,1.71034501103929,1,13.1318267419962,1,1.7
160,2,82,0.533,0.21201214359488,0.467,1.69871255911718,1,13.0154142581888,1,1.3125
160,2,83,0.532,0.206691496353792,0.468,1.70608388704319,1,12.5889101338432,1,2.1
160,2,84,0.52,0.195048668273293,0.48,1.71393047579984,1,12.1070038910506,1,1.42857142857143
160,2,85,0.552,0.221870989953366,0.448,1.57124391727494,1,13.1187384044527,1,1.38461538461538
160,2,86,0.517,0.193953240900128,0.483,1.67778362002053,1,12.2094861660079,1,1.72727272727273
160,2,87,0.507,0.214171700416262,0.493,1.69274337158686,1,13.6155378486056,1,1.5
160,2,88,0.534,0.207317454852743,0.466,1.57230182405008,1,12.5847619047619,1,1.72727272727273
160,2,89,0.534,0.214828956840161,0.466,1.56408954646553,1,13.0247148288973,1,1.5
160,2,90,0.526,0.195173859973084,0.474,1.58117022802237,1,12.0503875968992,1,1.66666666666667
160,2,91,0.541,0.234890926731558,0.459,1.51490649455044,1,14.0168224299065,1,1
160,2,92,0.537,0.219930518606616,0.463,1.51665107577175,1,13.2627599243856,1,1.375
160,2,93,0.549,0.235047416356296,0.451,1.44018884080442,1,13.9109461966605,1,1.15384615384615
160,2,94,0.507,0.200682294763857,0.493,1.56534870950027,1,12.8353413654618,1,2.1
160,2,95,0.535,0.206597602578949,0.465,1.4573796101338,1,12.4734848484848,1,2
160,2,96,0.559,0.215674000813746,0.441,1.37280878726743,1,12.5090909090909,1,1.16666666666667
160,2,97,0.529,0.218522111983975,0.471,1.45143186708369,1,13.4922480620155,1,1.46666666666667
160,2,98,0.548,0.203123532909768,0.452,1.37473920014056,1,11.9538745387454,1,1.625
160,2,99,0.52,0.212700697943726,0.48,1.43854997500706,1,13.1825242718447,1,1.33333333333333
160,2,100,0.545,0.21626866138775,0.455,1.35039166738401,1,12.8435754189944,1,1.55555555555556
200,2.5,1,0.617,0.221745798253576,0.383,1.18348110527675,1,11.6699669966997,1,1.14285714285714
200,2.5,2,0.612,0.229132108541204,0.388,1.18602048721701,1,12.1497504159734,1,1.72727272727273
200,2.5,3,0.622,0.225219867922757,0.378,1.14491693208229,1,11.7528641571195,1,1.26666666666667
200,2.5,4,0.628,0.226909955869926,0.372,1.12718429887234,1,11.7152103559871,1,1
200,2.5,5,0.632,0.237081781477888,0.368,1.11048463458724,1,12.1755233494364,1,1.25
200,2.5,6,0.634,0.237394760727364,0.366,1.12225617629336,1,12.2894308943089,1,1.34782608695652
200,2.5,7,0.618,0.222215267127789,0.382,1.16970818627873,1,11.5898692810458,1,1.125
200,2.5,8,0.601,0.225032080373071,0.399,1.21554618231902,1,12.1474576271186,1,1.85714285714286
200,2.5,9,0.609,0.243685643641827,0.391,1.1951450460532,1,12.9816360601002,1,1
200,2.5,10,0.631,0.235329097680824,0.369,1.12488163897736,1,12.0869565217391,1,1.42857142857143
200,2.5,11,0.623,0.226628274545398,0.377,1.15621502969786,1,11.7911908646003,1,1.33333333333333
200,2.5,12,0.617,0.224719101123595,0.383,1.17687440819489,1,11.8723051409619,1,1.46666666666667
200,2.5,13,0.624,0.241588682670339,0.376,1.14459412929328,1,12.6420361247947,1,1.3125
200,2.5,14,0.575,0.203405214234296,0.425,1.29786089351812,1,11.5097690941385,1,1.53846153846154
200,2.5,15,0.621,0.219554943507245,0.379,1.1685030558664,1,11.4290375203915,1,1.08333333333333
200,2.5,16,0.591,0.209132734499703,0.409,1.25340018937764,1,11.5372616984402,1,1.61111111111111
200,2.5,17,0.619,0.227035147569716,0.381,1.16226220194542,1,11.8559738134206,1,1.16666666666667
200,2.5,18,0.613,0.223780163375168,0.387,1.18935611603684,1,11.8866666666667,1,1.35714285714286
200,2.5,19,0.63,0.247848267659854,0.37,1.13439356116037,1,12.6794871794872,1,1.07692307692308
200,2.5,20,0.626,0.258677349691715,0.374,1.15059826116898,1,13.419512195122,1,1.08333333333333
200,2.5,21,0.614,0.232355794810804,0.386,1.17530343462168,1,12.2479338842975,1,1.35714285714286
200,2.5,22,0.597,0.241087915871178,0.403,1.24341482310407,1,13.0406779661017,1,1.25
200,2.5,23,0.627,0.244468091765516,0.373,1.14364724111216,1,12.6100323624595,1,2
200,2.5,24,0.594,0.223999248849801,0.406,1.24638460876302,1,12.266323024055,1,1.42857142857143
200,2.5,25,0.624,0.227942787393196,0.376,1.1343505207885,1,11.7893030794165,1,1.22222222222222
200,2.5,26,0.601,0.222090075427999,0.399,1.22277696479298,1,11.8959731543624,1,1.14285714285714
200,2.5,27,0.613,0.215423617414165,0.387,1.17764913488853,1,11.4590984974958,1,1.35714285714286
200,2.5,28,0.614,0.220932052204939,0.386,1.17379702160627,1,11.6495867768595,1,1.18181818181818
200,2.5,29,0.615,0.241463490970549,0.385,1.18072652147715,1,12.6902800658979,1,1.69230769230769
200,2.5,30,0.641,0.249820036931551,0.359,1.10994662993888,1,12.7220447284345,1,1.17647058823529
200,2.5,31,0.618,0.219805326906826,0.382,1.18008091589911,1,11.53125,1,1.15384615384615
200,2.5,32,0.615,0.234828330881663,0.385,1.1797581131101,1,12.4006622516556,1,1.16666666666667
200,2.5,33,0.591,0.231698538386905,0.409,1.24795558233623,1,12.6609589041096,1,1.25
200,2.5,34,0.634,0.233357328409126,0.366,1.12292330205733,1,11.9310897435897,1,1.07142857142857
200,2.5,35,0.647,0.260023160464461,0.353,1.08474649220969,1,13.0204081632653,1,1.42857142857143
200,2.5,36,0.618,0.232512284435542,0.382,1.16447878109667,1,12.3111480865225,1,1.56521739130435
200,2.5,37,0.61,0.242058151544553,0.39,1.199147800637,1,12.8831385642738,1,1.53333333333333
200,2.5,38,0.611,0.217395386685863,0.389,1.19135749332874,1,11.5366666666667,1,2.18181818181818
200,2.5,39,0.608,0.253544490000313,0.392,1.21485753636911,1,13.4468438538206,1,1.71428571428571
200,2.5,40,0.602,0.230071046289631,0.398,1.22187311698373,1,12.3777403035413,1,1.18181818181818
200,2.5,41,0.599,0.225720634721918,0.401,1.23695876732375,1,12.2589437819421,1,1.25
200,2.5,42,0.632,0.228036681168039,0.368,1.12927175690798,1,11.669341894061,1,1.69230769230769
200,2.5,43,0.633,0.215454915339113,0.367,1.12173969183094,1,11.1035598705502,1,1.44444444444444
200,2.5,44,0.618,0.223467184125692,0.382,1.17360333993286,1,11.6503267973856,1,1.57142857142857
200,2.5,45,0.594,0.21936715595756,0.406,1.24629852801928,1,11.9828767123288,1,1.07692307692308
200,2.5,46,0.62,0.231009984038058,0.38,1.16254196436257,1,12.0424836601307,1,1.3
200,2.5,47,0.614,0.222559544302213,0.386,1.19613497460618,1,11.7223140495868,1,1.91666666666667
200,2.5,48,0.597,0.231980219711433,0.403,1.22845829387966,1,12.6358974358974,1,1.53333333333333
200,2.5,49,0.614,0.230164940064474,0.386,1.1691917018163,1,12.1744186046512,1,2
200,2.5,50,0.616,0.222966417326531,0.384,1.17853146251184,1,11.7182866556837,1,1.25
200,2.5,51,0.579,0.206222027479578,0.421,1.29525695102006,1,11.5536028119508,1,1.41666666666667
200,2.5,52,0.612,0.227942787393196,0.388,1.18412671085478,1,12.1524288107203,1,1.8125
200,2.5,53,0.627,0.232731369910175,0.373,1.13962296634243,1,11.943729903537,1,1.4
200,2.5,54,0.614,0.226221401521079,0.386,1.1912068520272,1,11.9535655058043,1,1.75
200,2.5,55,0.625,0.224437419799067,0.375,1.14812343978652,1,11.5548387096774,1,1.22222222222222
200,2.5,56,0.623,0.239961190573065,0.377,1.13744942756305,1,12.5204582651391,1,1.35294117647059
200,2.5,57,0.548,0.209789990923602,0.452,1.38411379874322,1,12.4312267657993,1,1.45454545454545
200,2.5,58,0.623,0.241025320021283,0.377,1.15931393647241,1,12.5934426229508,1,1.4
200,2.5,59,0.621,0.232230603111014,0.379,1.16531806834811,1,12.089722675367,1,1.1
200,2.5,60,0.626,0.235141310131138,0.374,1.14762847551003,1,12.0967741935484,1,2
200,2.5,61,0.632,0.240305467747488,0.368,1.13693294310063,1,12.2820512820513,1,1.75
200,2.5,62,0.608,0.22259084222716,0.392,1.20568993716106,1,11.9662731871838,1,1.05263157894737
200,2.5,63,0.611,0.23370160558355,0.389,1.19350951192218,1,12.4059900166389,1,1.35714285714286
200,2.5,64,0.597,0.223592375825483,0.403,1.22772660755789,1,12.1431005110733,1,1.46153846153846
200,2.5,65,0.606,0.237426058652311,0.394,1.19460704140484,1,12.6494156928214,1,1.27272727272727
200,2.5,66,0.633,0.234421457857344,0.367,1.12974520099854,1,11.968,1,1.18181818181818
200,2.5,67,0.585,0.221151137679572,0.415,1.27091762072824,1,12.3561403508772,1,1.5
200,2.5,68,0.632,0.26365371975838,0.368,1.12395627098218,1,13.5548387096774,1,1.57142857142857
200,2.5,69,0.625,0.222528246377265,0.375,1.15287940087802,1,11.5774877650897,1,1.05263157894737
200,2.5,70,0.595,0.2111045037714,0.405,1.2386803821985,1,11.513698630137,1,1.76923076923077
200,2.5,71,0.639,0.232418390660699,0.361,1.09565722647844,1,11.7726550079491,1,1.91666666666667
200,2.5,72,0.608,0.24700322368627,0.392,1.20680898682965,1,13.1979865771812,1,1.77777777777778
200,2.5,73,0.625,0.248004757284592,0.375,1.15582766635104,1,12.8376623376623,1,1.7
200,2.5,74,0.644,0.231792432161748,0.356,1.09092278557287,1,11.7297297297297,1,1.76470588235294
200,2.5,75,0.657,0.257894901568026,0.343,1.04951794783507,1,12.6990740740741,1,1.18181818181818
200,2.5,76,0.593,0.21936715595756,0.407,1.24485667556168,1,12.051724137931,1,1.5
200,2.5,77,0.628,0.233044349159651,0.372,1.13196178014978,1,12.0177993527508,1,1.75
200,2.5,78,0.626,0.225470251322337,0.374,1.14599294137901,1,11.6845528455285,1,1.53846153846154
200,2.5,79,0.64,0.234828330881663,0.36,1.09983214254971,1,12.0273752012882,1,1.75
200,2.5,80,0.602,0.2246565052737,0.398,1.2092838082121,1,12.0521008403361,1,1.09090909090909
200,2.5,81,0.624,0.230102344214579,0.376,1.14709047086167,1,11.9333333333333,1,1.44444444444444
200,2.5,82,0.602,0.221088541829677,0.398,1.20833692003099,1,11.8060200668896,1,1.36363636363636
200,2.5,83,0.628,0.237332164877469,0.372,1.12541964362572,1,12.2641815235008,1,1.46153846153846
200,2.5,84,0.61,0.228506150042252,0.39,1.20388224154257,1,12.0912106135987,1,1.375
200,2.5,85,0.588,0.214547275515633,0.412,1.26110441594215,1,11.8356401384083,1,1.36363636363636
200,2.5,86,0.635,0.239335232074113,0.365,1.1150253938194,1,12.3,1,1.35294117647059
200,2.5,87,0.61,0.231479452912272,0.39,1.20069725402427,1,12.2520729684909,1,1.11111111111111
200,2.5,88,0.614,0.217770961785234,0.386,1.18875355083068,1,11.4686468646865,1,1
200,2.5,89,0.632,0.249037588807862,0.368,1.12793750538005,1,12.8508914100486,1,1.76470588235294
200,2.5,90,0.628,0.226503082845607,0.372,1.1498020142894,1,11.7256493506494,1,1.15384615384615
200,2.5,91,0.631,0.23911614659948,0.369,1.13017560471722,1,12.3517017828201,1,1.29411764705882
200,2.5,92,0.63,0.247410096710588,0.37,1.12950847895326,1,12.7338709677419,1,1
200,2.5,93,0.59,0.222747331851898,0.41,1.25712318154429,1,12.2465517241379,1,1.38461538461538
200,2.5,94,0.62,0.248662013708491,0.38,1.16480158388568,1,13.0328947368421,1,1.5625
200,2.5,95,0.617,0.24183906606992,0.383,1.17846690195403,1,12.7084019769358,1,1.27272727272727
200,2.5,96,0.61,0.210635034897186,0.39,1.19617801497805,1,11.2020033388982,1,1.73333333333333
200,2.5,97,0.619,0.230697004788583,0.381,1.15690367564776,1,12.2964824120603,1,1.36363636363636
200,2.5,98,0.657,0.244186410440988,0.343,1.05205732977533,1,12.0216049382716,1,1.30769230769231
200,2.5,99,0.622,0.249225376357547,0.378,1.17067659464578,1,13.0016366612111,1,1.6
200,2.5,100,0.607,0.240430659447279,0.393,1.21350176465525,1,12.890756302521,1,1
240,3,1,0.672,0.239429125848956,0.328,1.02195058965309,1,11.4902255639098,1,1.15384615384615
240,3,2,0.679,0.249820036931551,0.321,1.01682878540071,1,11.9400299850075,1,1.44444444444444
240,3,3,0.705,0.244687177240149,0.295,0.908367048291297,1,11.2850940665702,1,1.41176470588235
240,3,4,0.663,0.23163594253701,0.337,1.05702849272618,1,11.403400309119,1,1.38888888888889
240,3,5,0.687,0.229945854589841,0.313,0.982009124558836,1,10.9417040358744,1,1.45
240,3,6,0.666,0.246126881787737,0.334,1.03824137040544,1,11.9512937595129,1,1.30769230769231
240,3,7,0.678,0.241588682670339,0.322,0.997718860290953,1,11.6009036144578,1,1.125
240,3,8,0.68,0.249100184657757,0.32,0.993630024963416,1,11.8611940298507,1,1.21428571428571
240,3,9,0.686,0.221933585803261,0.314,0.986334681931652,1,10.5223214285714,1,1.35294117647059
240,3,10,0.694,0.249256674282495,0.306,0.955173452698631,1,11.6354319180088,1,1.5
240,3,11,0.694,0.23808331507621,0.306,0.954377205819058,1,11.1678939617084,1,1.5
240,3,12,0.676,0.24080623454665,0.324,1.00740294396144,1,11.5906344410876,1,1.36842105263158
240,3,13,0.693,0.236893993928203,0.307,0.955732977532926,1,11.1597633136095,1,1.38095238095238
240,3,14,0.707,0.251197145629245,0.293,0.913424291985883,1,11.5650289017341,1,1.44444444444444
240,3,15,0.696,0.24506275233952,0.304,0.940195403288284,1,11.3512336719884,1,1.22222222222222
240,3,16,0.667,0.244561985540359,0.333,1.03630455367134,1,11.9159021406728,1,1.61538461538462
240,3,17,0.656,0.246815436136584,0.344,1.07407247998623,1,12.2031007751938,1,1.33333333333333
240,3,18,0.686,0.232543582360489,0.314,0.987561332529913,1,11.0507462686567,1,1.55555555555556
240,3,19,0.686,0.236518418828832,0.314,0.981578720840148,1,11.2265275707899,1,1.47619047619048
240,3,20,0.695,0.255797940596538,0.305,0.945575449771886,1,11.9094890510949,1,1.33333333333333
240,3,21,0.688,0.249162780507652,0.312,0.971808556425928,1,11.75,1,1.46153846153846
240,3,22,0.691,0.259835372914776,0.309,0.965524662133081,1,12.124269005848,1,1.2
240,3,23,0.657,0.239272636224218,0.343,1.07325471292072,1,11.7975270479134,1,1.16666666666667
240,3,24,0.712,0.265562893180182,0.288,0.905375742446415,1,12.0512091038407,1,1.36363636363636
240,3,25,0.685,0.249287972207443,0.315,0.983128174227425,1,11.6744868035191,1,1
240,3,26,0.664,0.235454289380614,0.336,1.05702849272618,1,11.4847094801223,1,1.21428571428571
240,3,27,0.68,0.241307001345811,0.32,1.0046914005337,1,11.4865671641791,1,1.30769230769231
240,3,28,0.674,0.244874964789834,0.326,1.0227037961608,1,11.7930513595166,1,1.35714285714286
240,3,29,0.65,0.23680010015336,0.35,1.09522682275975,1,11.789391575663,1,1
240,3,30,0.682,0.23382679728334,0.318,0.994254110355513,1,11.1497005988024,1,1.5625
240,3,31,0.669,0.234452755782292,0.331,1.02799776190066,1,11.330303030303,1,1.38461538461538
240,3,32,0.698,0.230071046289631,0.302,0.935245760523371,1,10.7178362573099,1,1.375
240,3,33,0.678,0.23601765202967,0.322,1.01971249031592,1,11.3378582202112,1,1.57894736842105
240,3,34,0.67,0.234797032956715,0.33,1.0408453129035,1,11.3001508295626,1,1.28571428571429
240,3,35,0.691,0.242026853619605,0.309,0.961005423086855,1,11.3240469208211,1,1.18181818181818
240,3,36,0.678,0.243497856092141,0.322,1.00677885856934,1,11.6822289156626,1,1.5625
240,3,37,0.694,0.245250539889205,0.306,0.956916587759318,1,11.466275659824,1,1.25
240,3,38,0.681,0.251447529028825,0.319,0.990143754842042,1,12.0195195195195,1,1.77777777777778
240,3,39,0.682,0.253075021126099,0.318,0.975079624687957,1,12.0733532934132,1,1.46666666666667
240,3,40,0.717,0.24518794403931,0.283,0.886653180683481,1,11.1194879089616,1,1.27777777777778
240,3,41,0.694,0.241432193045601,0.306,0.940281484032022,1,11.2995594713656,1,1.46153846153846
240,3,42,0.677,0.251103251854402,0.323,1.0146337264354,1,12.0723981900452,1,1.26315789473684
240,3,43,0.664,0.237113079402836,0.336,1.05304725832831,1,11.6021505376344,1,1.625
240,3,44,0.67,0.230384025539107,0.33,1.04090987346131,1,11.212213740458,1,1.1
240,3,45,0.696,0.251948295827987,0.304,0.958423000774727,1,11.701166180758,1,2.08333333333333
240,3,46,0.683,0.258802541391506,0.317,0.998708788843936,1,12.2189349112426,1,1.18181818181818
240,3,47,0.674,0.244468091765516,0.326,1.03998450546613,1,11.7927382753404,1,1.1875
240,3,48,0.669,0.243466558167194,0.331,1.04734440905569,1,11.8112633181126,1,1.53846153846154
240,3,49,0.711,0.257769709868236,0.289,0.913467332357752,1,11.7539341917024,1,1.61538461538462
240,3,50,0.69,0.232637476135332,0.31,0.971012309546355,1,10.9161764705882,1,1
240,3,51,0.705,0.239616913398642,0.295,0.911831798226737,1,10.989928057554,1,1.66666666666667
240,3,52,0.669,0.228255766642672,0.331,1.02012137384867,1,11.0868902439024,1,1.46666666666667
240,3,53,0.659,0.23977340302338,0.341,1.06456055780322,1,11.9499217527387,1,1.22727272727273
240,3,54,0.711,0.248349034459015,0.289,0.89412068520272,1,11.3620689655172,1,1.70588235294118
240,3,55,0.665,0.240055084347908,0.335,1.04710768701042,1,11.7136294027565,1,1.78571428571429
240,3,56,0.662,0.249444461832181,0.338,1.05534991822329,1,12.2812982998454,1,1.6
240,3,57,0.688,0.245250539889205,0.312,0.976198674356546,1,11.5073529411765,1,1.21428571428571
240,3,58,0.684,0.247347500860693,0.316,0.98515107170526,1,11.7206537890045,1,1.33333333333333
240,3,59,0.687,0.246752840286689,0.313,0.977231643281398,1,11.6691394658754,1,1.31578947368421
240,3,60,0.666,0.254827704923164,0.334,1.04695704570887,1,12.3856707317073,1,1.64285714285714
240,3,61,0.701,0.245688710838471,0.299,0.928359301024361,1,11.4736070381232,1,1.28571428571429
240,3,62,0.679,0.251916997903039,0.321,1.0027545837996,1,12.0691729323308,1,1.625
240,3,63,0.69,0.251040656004507,0.31,0.97279848497891,1,11.8841010401189,1,1.30434782608696
240,3,64,0.668,0.248349034459015,0.332,1.04570887492468,1,12.1009174311927,1,1.4375
240,3,65,0.687,0.238552783950424,0.313,0.985775157097357,1,11.216814159292,1,1.8
240,3,66,0.685,0.237175675252731,0.315,0.979749505035724,1,11.1923076923077,1,1.27272727272727
240,3,67,0.693,0.254514725673688,0.307,0.95467848842214,1,11.8496350364964,1,1.875
240,3,68,0.661,0.229038214766361,0.339,1.0607299647069,1,11.2941176470588,1,1.41176470588235
240,3,69,0.7,0.254264342274107,0.3,0.94090556942412,1,11.7550724637681,1,1.66666666666667
240,3,70,0.696,0.237113079402836,0.304,0.955517775673582,1,11.036496350365,1,1.41666666666667
240,3,71,0.701,0.254765109073268,0.299,0.943358870620642,1,11.8180494905386,1,1.5
240,3,72,0.706,0.262683484085005,0.294,0.92293621416889,1,12.0315638450502,1,0.875
240,3,73,0.693,0.24828643860912,0.307,0.961543427735216,1,11.6397058823529,1,1.47058823529412
240,3,74,0.684,0.220368689555882,0.316,0.989734871309288,1,10.4464285714286,1,1.73333333333333
240,3,75,0.71,0.247316202935745,0.29,0.915339588534045,1,11.3261494252874,1,1.25
240,3,76,0.71,0.255891834371381,0.29,0.900060256520616,1,11.6339031339031,1,1.63636363636364
240,3,77,0.686,0.220619072955463,0.314,0.973422570371008,1,10.6102719033233,1,1.03703703703704
240,3,78,0.7,0.256110919846014,0.3,0.937612980976156,1,11.9109489051095,1,1.5
240,3,79,0.696,0.256236111545805,0.304,0.967827322028062,1,11.9255474452555,1,1.57142857142857
240,3,80,0.692,0.257112453444337,0.308,0.96083326159938,1,12.0411160058737,1,1.36363636363636
240,3,81,0.695,0.238584081875372,0.305,0.950482052164931,1,11.1554252199413,1,1.13333333333333
240,3,82,0.645,0.233044349159651,0.355,1.12077128346389,1,11.745253164557,1,1.625
240,3,83,0.662,0.246502456887108,0.338,1.05819058276664,1,12.0784615384615,1,2
240,3,84,0.673,0.243466558167194,0.327,1.02410260824654,1,11.7606060606061,1,1.26315789473684
240,3,85,0.693,0.23899095489969,0.307,0.964362572092623,1,11.2256637168142,1,1.45454545454545
240,3,86,0.666,0.234484053707239,0.334,1.0320865972282,1,11.4546850998464,1,2.16666666666667
240,3,87,0.698,0.239210040374323,0.302,0.94798571059654,1,11.1151603498542,1,1.46153846153846
240,3,88,0.687,0.247191011235955,0.313,0.969591977274684,1,11.7142857142857,1,1.57894736842105
240,3,89,0.701,0.258020093267816,0.299,0.947383145390376,1,11.9275362318841,1,1.27272727272727
240,3,90,0.676,0.237770335826735,0.324,1.00886631660498,1,11.4501510574018,1,1.29411764705882
240,3,91,0.7,0.259710181214985,0.3,0.934707755875011,1,12.0101449275362,1,1.08333333333333
240,3,92,0.692,0.236142843729461,0.308,0.964879056555049,1,11.057268722467,1,1.30769230769231
240,3,93,0.683,0.235078714281243,0.317,0.992252733063614,1,11.1898355754858,1,1.61111111111111
240,3,94,0.701,0.259866670839723,0.299,0.948114831712146,1,12.0072463768116,1,1.53846153846154
240,3,95,0.692,0.233983286908078,0.308,0.964018249117672,1,11.0207100591716,1,1.52631578947368
240,3,96,0.693,0.256517792870333,0.307,0.966493070500129,1,11.9838709677419,1,1.8
240,3,97,0.668,0.23692529185315,0.332,1.02715847464922,1,11.5297709923664,1,1.27777777777778
240,3,98,0.685,0.244499389690464,0.315,0.988529740896961,1,11.6936936936937,1,1.20833333333333
240,3,99,0.662,0.234171074457763,0.338,1.06232245846604,1,11.4846153846154,1,1.38461538461538
240,3,100,0.691,0.24803605520954,0.309,0.986270121373849,1,11.5730994152047,1,1.25
280,3.5,1,0.738,0.246565052737004,0.262,0.838555565120083,1,10.9359331476323,1,1.25
280,3.5,2,0.735,0.246158179712685,0.265,0.841740552638375,1,10.8262068965517,1,1.5
280,3.5,3,0.743,0.254608619448531,0.257,0.811655332702075,1,11.1650618982118,1,1.19047619047619
280,3.5,4,0.74,0.250539889205346,0.26,0.82994749074632,1,11.0638002773925,1,1.34615384615385
280,3.5,5,0.713,0.242026853619605,0.287,0.904514935009038,1,10.9390934844193,1,1.33333333333333
280,3.5,6,0.752,0.254139150574317,0.248,0.778234483945941,1,10.9352226720648,1,1.35294117647059
280,3.5,7,0.739,0.251103251854402,0.261,0.821726779719377,1,11.0552486187845,1,1.23809523809524
280,3.5,8,0.725,0.235579481080404,0.275,0.879852801928209,1,10.5463483146067,1,1.29411764705882
280,3.5,9,0.731,0.255328471722325,0.269,0.852048721700955,1,11.3430962343096,1,1.57894736842105
280,3.5,10,0.732,0.244342900065726,0.268,0.852306963932168,1,10.8208333333333,1,1.33333333333333
280,3.5,11,0.746,0.250414697505555,0.254,0.812473099767582,1,10.8680272108844,1,1.13333333333333
280,3.5,12,0.738,0.258051391192764,0.262,0.832164069897564,1,11.2568306010929,1,0.9
280,3.5,13,0.733,0.260774310663203,0.267,0.856202117586296,1,11.5152354570637,1,1.5
280,3.5,14,0.744,0.26146286501205,0.256,0.81763794439184,1,11.4362139917695,1,1.11764705882353
280,3.5,15,0.753,0.259272010265719,0.247,0.786003271068262,1,11.1840324763194,1,1.33333333333333
280,3.5,16,0.755,0.244311602140778,0.245,0.780859946629939,1,10.570652173913,1,1.30434782608696
280,3.5,17,0.762,0.249945228631342,0.238,0.761405698545235,1,10.6859060402685,1,1.42105263157895
280,3.5,18,0.745,0.250665080905136,0.255,0.810191960058535,1,11.0429362880886,1,1.48148148148148
280,3.5,19,0.755,0.23692529185315,0.245,0.769152965481622,1,10.164199192463,1,1.5
280,3.5,20,0.732,0.251604018653563,0.268,0.850929672032366,1,11.2226890756303,1,1.45
280,3.5,21,0.719,0.21536102156427,0.281,0.903309804596712,1,9.73863636363636,1,1.5
280,3.5,22,0.75,0.241494788895496,0.25,0.800249634156839,1,10.4148648648649,1,1.13333333333333
280,3.5,23,0.754,0.25229257300241,0.246,0.783958853404493,1,10.8209959623149,1,1.71428571428571
280,3.5,24,0.74,0.258833839316453,0.26,0.834079366445726,1,11.3765517241379,1,1.36842105263158
280,3.5,25,0.713,0.244405495915621,0.287,0.910605147628476,1,11.1547277936963,1,1.45
280,3.5,26,0.755,0.248349034459015,0.245,0.791254196436257,1,10.7482993197279,1,1.69565217391304
280,3.5,27,0.745,0.2595223936653,0.255,0.810579323405354,1,11.3050615595075,1,1.9375
280,3.5,28,0.738,0.255547557196958,0.262,0.831066540414909,1,11.2386206896552,1,1.23809523809524
280,3.5,29,0.755,0.265218616005759,0.245,0.780644744770595,1,11.3570469798658,1,1.25
280,3.5,30,0.744,0.260492629338675,0.256,0.812666781440992,1,11.4325068870523,1,1.28571428571429
280,3.5,31,0.749,0.238615379800319,0.251,0.799087544116381,1,10.3555858310627,1,1.5
280,3.5,32,0.721,0.236643610528622,0.279,0.8870405440303,1,10.7197724039829,1,1.43478260869565
280,3.5,33,0.721,0.244968858564677,0.279,0.878367909098735,1,11.1573676680973,1,1.23076923076923
280,3.5,34,0.75,0.259303308190667,0.25,0.79458982525609,1,11.3379120879121,1,1.43478260869565
280,3.5,35,0.727,0.211323589246033,0.273,0.856654041490919,1,9.46835443037975,1,1.21052631578947
280,3.5,36,0.75,0.253356702450628,0.25,0.793234053542223,1,10.9660326086957,1,1.5
280,3.5,37,0.775,0.267252981127351,0.225,0.70629250236722,1,11.2851458885942,1,1.39130434782609
280,3.5,38,0.746,0.244405495915621,0.254,0.811483171214599,1,10.6684931506849,1,1.26086956521739
280,3.5,39,0.75,0.23783293167663,0.25,0.789962985280193,1,10.3174386920981,1,1.47619047619048
280,3.5,40,0.746,0.226283997370974,0.254,0.799410346905397,1,9.84562841530055,1,1.64285714285714
280,3.5,41,0.757,0.253231510750837,0.243,0.757381423775501,1,10.877358490566,1,1.26315789473684
280,3.5,42,0.746,0.244123814591093,0.254,0.802659894981493,1,10.6180081855389,1,1.28571428571429
280,3.5,43,0.74,0.223748865450221,0.26,0.826805543599897,1,9.79642365887208,1,1.875
280,3.5,44,0.735,0.240868830396545,0.265,0.842579839889817,1,10.6091160220994,1,1.25
280,3.5,45,0.721,0.252949829426309,0.279,0.892248429026427,1,11.3827683615819,1,1.58823529411765
280,3.5,46,0.752,0.236487120903884,0.248,0.792179564431437,1,10.247619047619,1,1.33333333333333
280,3.5,47,0.727,0.239491721698851,0.273,0.861474563140226,1,10.6286509040334,1,1.15384615384615
280,3.5,48,0.715,0.245469625363838,0.285,0.908905052939657,1,11.109219858156,1,1.07142857142857
280,3.5,49,0.734,0.22672216832024,0.266,0.852306963932168,1,10.0514603616134,1,1.27777777777778
280,3.5,50,0.739,0.260962098212888,0.261,0.820801411724197,1,11.4614325068871,1,1.29411764705882
280,3.5,51,0.765,0.256799474194861,0.235,0.746018765602135,1,10.9238985313752,1,1.38888888888889
280,3.5,52,0.765,0.261838440111421,0.235,0.75542308685547,1,11.1483957219251,1,1.5
280,3.5,53,0.735,0.236142843729461,0.265,0.839653094602737,1,10.4645340751043,1,1.25
280,3.5,54,0.751,0.246971925761322,0.249,0.797473530171301,1,10.7860082304527,1,1.27272727272727
280,3.5,55,0.732,0.265625489030077,0.268,0.853555134716364,1,11.7583333333333,1,1.55
280,3.5,56,0.722,0.23473443710682,0.278,0.880670568993716,1,10.6042553191489,1,1.33333333333333
280,3.5,57,0.736,0.254420831898845,0.264,0.839610054230869,1,11.2368421052632,1,1.18181818181818
280,3.5,58,0.721,0.238177208851053,0.279,0.884285960230696,1,10.7080394922426,1,1.47058823529412
280,3.5,59,0.739,0.24700322368627,0.261,0.814001032968925,1,10.8838174273859,1,1.33333333333333
280,3.5,60,0.753,0.263497230133642,0.247,0.78174227425325,1,11.3921302578019,1,1.44444444444444
280,3.5,61,0.741,0.233858095208288,0.259,0.817530343462167,1,10.3001383125864,1,1.35
280,3.5,62,0.76,0.25836437044224,0.24,0.760846173710941,1,11.0740242261104,1,1.52631578947368
280,3.5,63,0.739,0.249600951456918,0.261,0.831346302832056,1,11.0027662517289,1,1.23809523809524
280,3.5,64,0.74,0.256924665894651,0.26,0.813204786089352,1,11.2544704264099,1,1.82352941176471
280,3.5,65,0.763,0.247816969734907,0.237,0.766290780752346,1,10.5079787234043,1,1.38461538461538
280,3.5,66,0.745,0.254639917373478,0.255,0.819424119824395,1,11.1862068965517,1,1.25
280,3.5,67,0.759,0.255735344746643,0.241,0.756994060428682,1,10.9811320754717,1,1.38095238095238
280,3.5,68,0.754,0.258426966292135,0.246,0.773629164155978,1,11.1051212938005,1,1.3125
280,3.5,69,0.764,0.274795781039717,0.236,0.74853662735646,1,11.6414342629482,1,1.2
280,3.5,70,0.733,0.248974992957967,0.267,0.854502022897478,1,11.0152565880721,1,1.07142857142857
280,3.5,71,0.742,0.245626114988576,0.258,0.815055522079711,1,10.7903448275862,1,1.4
280,3.5,72,0.726,0.234797032956715,0.274,0.886717741241284,1,10.4539106145251,1,1.57142857142857
280,3.5,73,0.752,0.257049857594441,0.248,0.795429112507532,1,11.0661268556005,1,1.11764705882353
280,3.5,74,0.767,0.270132390222528,0.233,0.733580098132048,1,11.3421052631579,1,1.36363636363636
280,3.5,75,0.745,0.246721542361741,0.255,0.8014762847551,1,10.7445355191257,1,1.3125
280,3.5,76,0.755,0.260586523113518,0.245,0.79405182060773,1,11.2690217391304,1,1.66666666666667
280,3.5,77,0.723,0.233294732559231,0.277,0.860011190496686,1,10.4971751412429,1,1.36842105263158
280,3.5,78,0.745,0.243059685142875,0.255,0.799733149694413,1,10.4986449864499,1,2.22222222222222
280,3.5,79,0.73,0.252668148101781,0.27,0.860893518119997,1,11.2458100558659,1,1.41176470588235
280,3.5,80,0.756,0.264843040906388,0.244,0.773284841181028,1,11.3746630727763,1,1.57142857142857
280,3.5,81,0.732,0.233075647084598,0.268,0.844107773091159,1,10.2807745504841,1,1.41666666666667
280,3.5,82,0.736,0.255234577947482,0.264,0.831281742274253,1,11.4073033707865,1,1.42307692307692
280,3.5,83,0.714,0.241619980595287,0.286,0.908905052939657,1,10.9800285306705,1,1.625
280,3.5,84,0.728,0.245407029513943,0.272,0.861280881466816,1,11.0282087447109,1,1.11111111111111
280,3.5,85,0.74,0.243529154017089,0.26,0.82032796763364,1,10.6502057613169,1,1.4
280,3.5,86,0.72,0.245563519138681,0.28,0.89612206249462,1,11.1671428571429,1,1.40909090909091
280,3.5,87,0.752,0.263027761259429,0.248,0.782538521132823,1,11.3926630434783,1,1.33333333333333
280,3.5,88,0.743,0.242809301743294,0.257,0.815937849703021,1,10.5607094133697,1,1.83333333333333
280,3.5,89,0.721,0.240837532471597,0.279,0.880068003787553,1,10.8307475317348,1,1.22222222222222
280,3.5,90,0.762,0.254546023598635,0.238,0.7479986227081,1,10.8672922252011,1,1.52631578947368
280,3.5,91,0.724,0.234703139181872,0.276,0.873590427821296,1,10.4908835904628,1,1.75
280,3.5,92,0.765,0.253794873399894,0.235,0.745050357235087,1,10.78,1,1.42857142857143
280,3.5,93,0.746,0.255704046821696,0.254,0.824976327795472,1,11.1657534246575,1,1.25
280,3.5,94,0.716,0.233858095208288,0.284,0.908905052939657,1,10.6575931232092,1,1.71428571428571
280,3.5,95,0.76,0.244843666864887,0.24,0.768378238787983,1,10.455764075067,1,1.55555555555556
280,3.5,96,0.733,0.2524177647022,0.267,0.845226822759749,1,11.1062068965517,1,1.6
280,3.5,97,0.757,0.241995555694657,0.243,0.773844366015322,1,10.4578804347826,1,1.56
280,3.5,98,0.754,0.234264968232606,0.246,0.773327881552897,1,10.0592193808883,1,0.944444444444444
280,3.5,99,0.731,0.253137616975995,0.269,0.86184040630111,1,11.2825174825175,1,1.23809523809524
280,3.5,100,0.772,0.256611686645175,0.228,0.7159120254799,1,10.8435013262599,1,1.22727272727273
320,4,1,0.78,0.260023160464461,0.22,0.705840578462598,1,10.9142480211082,1,1.56521739130435
320,4,2,0.781,0.227160339269506,0.219,0.698093311526212,1,9.46465968586388,1,1.45833333333333
320,4,3,0.805,0.25964758536509,0.195,0.63054144787811,1,10.5555555555556,1,1.38709677419355
320,4,4,0.767,0.26377891145817,0.233,0.755186364810192,1,11.1230158730159,1,1.61538461538462
320,4,5,0.771,0.25345059622547,0.229,0.732568649393131,1,10.76,1,1.25
320,4,6,0.787,0.249538355607023,0.213,0.679607471808556,1,10.2658064516129,1,1.29411764705882
320,4,7,0.784,0.239585615473694,0.216,0.702526469828699,1,9.91807542262679,1,1.68421052631579
320,4,8,0.775,0.243998622891302,0.225,0.727403804768873,1,10.2437417654809,1,1.21739130434783
320,4,9,0.779,0.252355168852305,0.221,0.70502281139709,1,10.4817708333333,1,1.125
320,4,10,0.792,0.263997996932803,0.208,0.66497374537316,1,10.8783958602846,1,1.29166666666667
320,4,11,0.783,0.249820036931551,0.217,0.696952741671688,1,10.3307392996109,1,1.22727272727273
320,4,12,0.785,0.249663547306814,0.215,0.694069036756478,1,10.3203631647211,1,1.375
320,4,13,0.77,0.243998622891302,0.23,0.734634587242834,1,10.2843915343915,1,1.44444444444444
320,4,14,0.776,0.244468091765516,0.224,0.718279245932685,1,10.2123197903014,1,1.31578947368421
320,4,15,0.791,0.267941535476198,0.209,0.668954979771025,1,11.0335917312661,1,1.19047619047619
320,4,16,0.784,0.250665080905136,0.216,0.687849703021434,1,10.3579766536965,1,1.61111111111111
320,4,17,0.78,0.250946762229664,0.22,0.713932168373935,1,10.5256916996047,1,1.4
320,4,18,0.783,0.260899502362993,0.217,0.696500817767066,1,10.764553686934,1,1.33333333333333
320,4,19,0.771,0.251666614503458,0.229,0.743156580872859,1,10.5957727873184,1,1.33333333333333
320,4,20,0.783,0.254326938124002,0.217,0.698502195058965,1,10.5298701298701,1,1.26315789473684
320,4,21,0.769,0.23911614659948,0.231,0.752582422312129,1,10.0646437994723,1,1
320,4,22,0.784,0.241494788895496,0.216,0.701923904622536,1,10.065445026178,1,1.20689655172414
320,4,23,0.806,0.271509498920222,0.194,0.62292330205733,1,10.9080604534005,1,1.13333333333333
320,4,24,0.78,0.254295640199055,0.22,0.716363949384523,1,10.6856010568032,1,1.48275862068966
320,4,25,0.795,0.247034521611217,0.205,0.654902298355858,1,10.1182519280206,1,1.20833333333333
320,4,26,0.742,0.254827704923164,0.258,0.825535852629767,1,11.0928961748634,1,2.07692307692308
320,4,27,0.783,0.238271102625896,0.217,0.698631316174572,1,10.0132100396301,1,1.2258064516129
320,4,28,0.771,0.222997715251479,0.229,0.723637772230352,1,9.3968253968254,1,1.33333333333333
320,4,29,0.777,0.254201746424212,0.223,0.711349746061806,1,10.6391076115486,1,1
320,4,30,0.794,0.24493756063973,0.206,0.661057071533098,1,10.0076923076923,1,1.375
320,4,31,0.769,0.254389533973898,0.231,0.746901093225446,1,10.7909454061252,1,1.38095238095238
320,4,32,0.784,0.244749773090044,0.216,0.689054833433761,1,10.0682989690722,1,0.944444444444444
320,4,33,0.788,0.257863603643078,0.212,0.677390892657313,1,10.6901041666667,1,1.42307692307692
320,4,34,0.782,0.256486494945385,0.218,0.694779202892313,1,10.6332899869961,1,1.3125
320,4,35,0.779,0.268317110575569,0.221,0.722690884049238,1,11.1884816753927,1,1.5
320,4,36,0.791,0.235610779005352,0.209,0.666394077644831,1,9.74155844155844,1,1.21875
320,4,37,0.788,0.231729836311853,0.212,0.68274941895498,1,9.52516129032258,1,1.55555555555556
320,4,38,0.785,0.242903195518137,0.215,0.689958681243006,1,10.0729166666667,1,1.45
320,4,39,0.792,0.252887233576414,0.208,0.668610656796075,1,10.3145780051151,1,1.46153846153846
320,4,40,0.77,0.252949829426309,0.23,0.74311354050099,1,10.6231884057971,1,1.72727272727273
320,4,41,0.787,0.242746705893399,0.213,0.686773693724714,1,10.0090556274256,1,1.26315789473684
320,4,42,0.786,0.248411630308911,0.214,0.693294310062839,1,10.3159268929504,1,1.65217391304348
320,4,43,0.775,0.246064285937842,0.225,0.720581905827666,1,10.3254281949934,1,1.45
320,4,44,0.776,0.247879565584802,0.224,0.720926228802617,1,10.3591087811271,1,1.2
320,4,45,0.773,0.242058151544553,0.227,0.729943186709133,1,10.1997354497354,1,1.31818181818182
320,4,46,0.786,0.245688710838471,0.214,0.675281914435741,1,10.1981747066493,1,1.39130434782609
320,4,47,0.792,0.264436167882069,0.208,0.682254454678488,1,10.8595360824742,1,1.28571428571429
320,4,48,0.777,0.246940627836374,0.223,0.718774210209176,1,10.3403416557162,1,1.23809523809524
320,4,49,0.785,0.245876498388157,0.215,0.706787466643712,1,10.1779220779221,1,1.16
320,4,50,0.768,0.247472692560483,0.232,0.748041663079969,1,10.5421686746988,1,1.42857142857143
320,4,51,0.751,0.229977152514788,0.249,0.799711629508479,1,10.0246575342466,1,1.42857142857143
320,4,52,0.793,0.240900128321492,0.207,0.661465955065852,1,9.88917525773196,1,1.26086956521739
320,4,53,0.79,0.251635316578511,0.21,0.674378066626496,1,10.3217503217503,1,1.44444444444444
320,4,54,0.769,0.227661106068668,0.231,0.737001807695619,1,9.6343085106383,1,1.57142857142857
320,4,55,0.779,0.252855935651466,0.221,0.710230696393217,1,10.5774278215223,1,1.11111111111111
320,4,56,0.803,0.254420831898845,0.197,0.626581733666179,1,10.277566539924,1,1.35294117647059
320,4,57,0.791,0.265062126381021,0.209,0.680984763708358,1,10.8777348777349,1,1.23809523809524
320,4,58,0.795,0.251854402053144,0.205,0.663790135146768,1,10.2791293213828,1,1.27777777777778
320,4,59,0.795,0.257081155519389,0.205,0.653912369802875,1,10.4325699745547,1,1.29411764705882
320,4,60,0.774,0.252949829426309,0.226,0.723422570371008,1,10.6372031662269,1,1.27777777777778
320,4,61,0.782,0.251979593752934,0.218,0.701730222949126,1,10.446033810143,1,1.3125
320,4,62,0.794,0.245939094238052,0.206,0.662498923990703,1,10.0242966751918,1,1.4375
320,4,63,0.76,0.2420894494695,0.24,0.771304984075062,1,10.3822341857335,1,1.2
320,4,64,0.774,0.238208506776001,0.226,0.73134199879487,1,9.97112860892388,1,1.1304347826087
320,4,65,0.785,0.249851334856499,0.215,0.682770939140914,1,10.4044502617801,1,1.56521739130435
320,4,66,0.765,0.236862696003255,0.235,0.755401566669536,1,10.1495956873315,1,1.46666666666667
320,4,67,0.79,0.257894901568026,0.21,0.67039683222863,1,10.5701415701416,1,1.93333333333333
320,4,68,0.779,0.239679509248537,0.221,0.71137126624774,1,10.0052424639581,1,1.47368421052632
320,4,69,0.766,0.2317611342368,0.234,0.763450116209004,1,9.84533333333333,1,1.20833333333333
320,4,70,0.812,0.246252073487528,0.188,0.611453042954291,1,9.85786163522013,1,1.76190476190476
320,4,71,0.766,0.255109386247692,0.234,0.757768787122321,1,10.7735099337748,1,1.33333333333333
320,4,72,0.789,0.255797940596538,0.211,0.673172936214169,1,10.591677503251,1,1.38095238095238
320,4,73,0.784,0.245720008763419,0.216,0.699212361194801,1,10.1701298701299,1,1.41176470588235
320,4,74,0.783,0.263090357109324,0.217,0.699944047516571,1,10.9425587467363,1,1.38095238095238
320,4,75,0.788,0.271133923820851,0.212,0.683351984161143,1,11.1891191709845,1,1.375
320,4,76,0.783,0.232606178210385,0.217,0.703710080055092,1,9.72047244094488,1,1.16666666666667
320,4,77,0.768,0.261024694062784,0.232,0.751162090040458,1,11.0358090185676,1,1.29411764705882
320,4,78,0.785,0.252855935651466,0.215,0.689678918825859,1,10.4430051813472,1,1.22222222222222
320,4,79,0.773,0.248599417858596,0.227,0.726112593612809,1,10.4498680738786,1,1.41176470588235
320,4,80,0.783,0.235297799755876,0.217,0.703021434105191,1,9.84473684210526,1,1.5
320,4,81,0.791,0.254420831898845,0.209,0.665576310579323,1,10.4728682170543,1,1.29166666666667
320,4,82,0.782,0.248255140684173,0.218,0.703968322286305,1,10.3753280839895,1,1.21428571428571
320,4,83,0.808,0.267972833401146,0.192,0.621072566066971,1,10.795195954488,1,1.45454545454545
320,4,84,0.791,0.227473318518982,0.209,0.675626237410691,1,9.36998706338939,1,1.28
320,4,85,0.778,0.24712841538606,0.222,0.714556253766032,1,10.3202099737533,1,1.88888888888889
320,4,86,0.767,0.24196425776971,0.233,0.752646982869932,1,10.1928665785997,1,1.35714285714286
320,4,87,0.79,0.240461957372226,0.21,0.679327709391409,1,9.92098445595855,1,1.31578947368421
320,4,88,0.784,0.259929266689618,0.216,0.686300249634157,1,10.7747395833333,1,1.82352941176471
320,4,89,0.792,0.257488028543708,0.208,0.66316604975467,1,10.5760309278351,1,1.27272727272727
320,4,90,0.793,0.240399361522331,0.207,0.661788757854868,1,9.9843137254902,1,1.51612903225806
320,4,91,0.778,0.24093142624644,0.222,0.71683739347508,1,10.040522875817,1,1.27777777777778
320,4,92,0.781,0.254733811148321,0.219,0.703839201170698,1,10.6317169069463,1,1.45
320,4,93,0.798,0.264373572032174,0.202,0.646961349746062,1,10.7749360613811,1,1.36842105263158
320,4,94,0.791,0.245939094238052,0.209,0.678251700094689,1,10.1411917098446,1,1.53846153846154
320,4,95,0.816,0.264498763731965,0.184,0.587092192476543,1,10.4130702836005,1,1.125
320,4,96,0.783,0.259240712340772,0.217,0.696027373676509,1,10.6572164948454,1,1.66666666666667
320,4,97,0.784,0.249632249381866,0.216,0.701515021089782,1,10.4558629776021,1,1.55555555555556
320,4,98,0.794,0.252073487527777,0.206,0.675518636481019,1,10.374677002584,1,1.24
320,4,99,0.791,0.253075021126099,0.209,0.676874408194887,1,10.3783783783784,1,1.4
320,4,100,0.768,0.243560451942036,0.232,0.74965567702505,1,10.3676470588235,1,1.31818181818182
360,4.5,1,0.822,0.251197145629245,0.178,0.590384780924507,1,9.99,1,1.44444444444444
360,4.5,2,0.845,0.257081155519389,0.155,0.502840664543342,1,9.92969696969697,1,1.12
360,4.5,3,0.835,0.265156020155864,0.165,0.531677713695446,1,10.380073800738,1,1.42857142857143
360,4.5,4,0.811,0.248067353134487,0.189,0.613518980803994,1,9.93467336683417,1,1.23809523809524
360,4.5,5,0.828,0.252355168852305,0.172,0.562989584230008,1,9.93325092707046,1,1.375
360,4.5,6,0.835,0.253043723201152,0.165,0.539231298958423,1,9.88957055214724,1,1.22727272727273
360,4.5,7,0.827,0.238521486025477,0.173,0.572178703623999,1,9.41511771995043,1,1.14285714285714
360,4.5,8,0.793,0.240180276047698,0.207,0.681350606869243,1,9.85180412371134,1,1.66666666666667
360,4.5,9,0.826,0.237394760727364,0.174,0.569230438150986,1,9.32552404438964,1,1.35
360,4.5,10,0.8,0.220306093705987,0.2,0.656537832486873,1,8.97442455242967,1,1.17391304347826
360,4.5,11,0.823,0.24816124690933,0.177,0.56290350348627,1,9.81614906832298,1,1.44
360,4.5,12,0.83,0.24324747269256,0.17,0.548377377980546,1,9.53505535055351,1,1.13636363636364
360,4.5,13,0.8,0.227285530969297,0.2,0.648941206852027,1,9.21092757306226,1,1.05882352941176
360,4.5,14,0.839,0.272291947043911,0.161,0.519454248084703,1,10.5663824604141,1,1.36842105263158
360,4.5,15,0.827,0.232387092735752,0.173,0.565572006542137,1,9.11576354679803,1,1.45454545454545
360,4.5,16,0.816,0.242746705893399,0.184,0.609839029009211,1,9.6111801242236,1,1.53333333333333
360,4.5,17,0.818,0.254702513223373,0.182,0.589954377205819,1,10.0744416873449,1,1.36842105263158
360,4.5,18,0.83,0.278676723733217,0.17,0.552573814237755,1,10.9604449938195,1,1.72
360,4.5,19,0.829,0.246971925761322,0.171,0.55528535766549,1,9.71604938271605,1,1.08
360,4.5,20,0.822,0.234014584833026,0.178,0.586984591546871,1,9.26616915422886,1,1.42307692307692
360,4.5,21,0.818,0.231980219711433,0.182,0.590320220366704,1,9.31186868686869,1,1.35483870967742
360,4.5,22,0.813,0.248630715783544,0.187,0.603490574158561,1,10.0253485424588,1,1.33333333333333
360,4.5,23,0.814,0.256893367969704,0.186,0.607364207626754,1,10.3586818757921,1,1.35483870967742
360,4.5,24,0.819,0.260117054239304,0.181,0.577343548248257,1,10.3358302122347,1,1.60869565217391
360,4.5,25,0.818,0.258520860066978,0.182,0.589889816648016,1,10.3066332916145,1,1.33333333333333
360,4.5,26,0.835,0.255297173797377,0.165,0.529590255659809,1,9.93772893772894,1,1.0952380952381
360,4.5,27,0.842,0.246784138211637,0.158,0.519023844366015,1,9.48733413751508,1,1.5
360,4.5,28,0.83,0.251791806203249,0.17,0.551691486614444,1,9.86715867158672,1,1.29166666666667
360,4.5,29,0.827,0.239397827924009,0.173,0.569574761125936,1,9.43564356435644,1,1.24
360,4.5,30,0.835,0.249976526556289,0.165,0.546031677713695,1,9.77395577395577,1,1.41379310344828
360,4.5,31,0.835,0.265156020155864,0.165,0.526103985538435,1,10.3288508557457,1,1.39130434782609
360,4.5,32,0.834,0.243372664392351,0.166,0.537272962038392,1,9.46219512195122,1,1.23809523809524
360,4.5,33,0.839,0.257143751369284,0.161,0.517668072652148,1,9.98536585365854,1,1.38461538461538
360,4.5,34,0.836,0.237613846201997,0.164,0.53281828354997,1,9.27361963190184,1,1.65217391304348
360,4.5,35,0.832,0.248912397108072,0.168,0.547043126452613,1,9.74447174447174,1,1.15
360,4.5,36,0.83,0.258833839316453,0.17,0.557566497374537,1,10.2019826517968,1,1.56
360,4.5,37,0.825,0.2491940784326,0.175,0.571296376000689,1,9.81458590852905,1,1.39130434782609
360,4.5,38,0.823,0.251760508278301,0.177,0.58521993630025,1,9.9368029739777,1,1.45
360,4.5,39,0.818,0.242527620418766,0.182,0.594796419041061,1,9.65206508135169,1,1.78260869565217
360,4.5,40,0.807,0.269099558699258,0.193,0.628970474304898,1,10.8,1,1
360,4.5,41,0.825,0.246971925761322,0.175,0.570865972282001,1,9.75930521091811,1,1.26086956521739
360,4.5,42,0.832,0.264404869957122,0.168,0.546914005337006,1,10.3276073619632,1,1.63636363636364
360,4.5,43,0.813,0.251103251854402,0.187,0.607859171903245,1,10.0642317380353,1,1.65217391304348
360,4.5,44,0.825,0.230634408938687,0.175,0.574201601101833,1,9.11691542288557,1,1.66666666666667
360,4.5,45,0.813,0.254076554724422,0.187,0.605534991822329,1,10.1314142678348,1,1.58823529411765
360,4.5,46,0.827,0.256142217770962,0.173,0.564237755014203,1,10.0110294117647,1,1.46666666666667
360,4.5,47,0.819,0.249256674282495,0.181,0.580270293535336,1,9.92740926157697,1,1.52173913043478
360,4.5,48,0.815,0.245532221213734,0.185,0.602220883188431,1,9.7775,1,1.47058823529412
360,4.5,49,0.81,0.248912397108072,0.19,0.631466815873289,1,10.0316455696203,1,1.36666666666667
360,4.5,50,0.813,0.24700322368627,0.187,0.600370147198072,1,9.8856783919598,1,1.26086956521739
360,4.5,51,0.813,0.255766642671591,0.187,0.60260824653525,1,10.1656288916563,1,1.07142857142857
360,4.5,52,0.817,0.244499389690464,0.183,0.594538176809848,1,9.77386934673367,1,1.52380952380952
360,4.5,53,0.827,0.237175675252731,0.173,0.563721270551778,1,9.29115479115479,1,1.16666666666667
360,4.5,54,0.836,0.245438327438891,0.164,0.537014719807179,1,9.4878640776699,1,1.85714285714286
360,4.5,55,0.829,0.244812368939939,0.171,0.556060084359129,1,9.65179677819083,1,1.46428571428571
360,4.5,56,0.82,0.239272636224218,0.18,0.582788155289662,1,9.48194271481943,1,1.82352941176471
360,4.5,57,0.822,0.257894901568026,0.178,0.570887492467935,1,10.2037267080745,1,1.39130434782609
360,4.5,58,0.822,0.265625489030077,0.178,0.581346302832056,1,10.6047678795483,1,1.35714285714286
360,4.5,59,0.833,0.255547557196958,0.167,0.549367306533528,1,9.95476772616137,1,1.42105263157895
360,4.5,60,0.837,0.249256674282495,0.163,0.526878712232074,1,9.72794117647059,1,1.24137931034483
360,4.5,61,0.829,0.25836437044224,0.171,0.548549539468021,1,10.1018404907975,1,1.47058823529412
360,4.5,62,0.825,0.267597258301775,0.175,0.566389773607644,1,10.5650557620818,1,1.26086956521739
360,4.5,63,0.825,0.261149885762574,0.175,0.569424119824395,1,10.2986369268897,1,1.77272727272727
360,4.5,64,0.836,0.249256674282495,0.164,0.532237238529741,1,9.67113276492083,1,1.42857142857143
360,4.5,65,0.831,0.258552157991925,0.169,0.552487733494017,1,10.0610500610501,1,1.5625
360,4.5,66,0.808,0.244342900065726,0.192,0.6156494792115,1,9.81210592686003,1,1.7
360,4.5,67,0.817,0.243278770617508,0.183,0.590599982783851,1,9.71141781681305,1,1.73913043478261
360,4.5,68,0.823,0.264091890707646,0.177,0.57105965395541,1,10.4379652605459,1,1.375
360,4.5,69,0.834,0.240649744921912,0.166,0.540285788069209,1,9.42435424354244,1,1.28571428571429
360,4.5,70,0.821,0.25848956214203,0.179,0.578376517173108,1,10.2220843672457,1,1.25
360,4.5,71,0.836,0.268880473224625,0.164,0.543901179306189,1,10.4578754578755,1,1.70833333333333
360,4.5,72,0.835,0.25745673061876,0.165,0.546203839201171,1,10.0787207872079,1,1.3448275862069
360,4.5,73,0.823,0.259710181214985,0.177,0.574072479986227,1,10.216049382716,1,1.5
360,4.5,74,0.822,0.260649118963413,0.178,0.578268916243436,1,10.3570536828964,1,1.46153846153846
360,4.5,75,0.832,0.23266877406028,0.168,0.543384694843764,1,9.14320987654321,1,1.21428571428571
360,4.5,76,0.82,0.246721542361741,0.18,0.582185590083498,1,9.78109452736318,1,1.33333333333333
360,4.5,77,0.825,0.263716315608275,0.175,0.566045450632694,1,10.389369592089,1,1.23809523809524
360,4.5,78,0.822,0.259991862539514,0.178,0.589696134974606,1,10.2561881188119,1,1.31578947368421
360,4.5,79,0.822,0.244593283465306,0.178,0.573448394594129,1,9.70361145703611,1,1.17857142857143
360,4.5,80,0.834,0.253043723201152,0.166,0.542825170009469,1,9.90282902829028,1,1.54166666666667
360,4.5,81,0.829,0.24828643860912,0.171,0.559933717827322,1,9.74352651048089,1,1.61904761904762
360,4.5,82,0.801,0.246533754812056,0.199,0.644185245760523,1,10.1003861003861,1,1.17857142857143
360,4.5,83,0.835,0.254201746424212,0.165,0.537961607988293,1,9.88766788766789,1,1.41666666666667
360,4.5,84,0.807,0.269506431723577,0.193,0.638826719462856,1,10.8348045397226,1,1.26315789473684
360,4.5,85,0.827,0.245845200463209,0.173,0.572479986227081,1,9.66913580246914,1,1.28571428571429
360,4.5,86,0.827,0.242465024568871,0.173,0.562968064044073,1,9.51354679802956,1,1.33333333333333
360,4.5,87,0.838,0.266971299802823,0.162,0.523349401738831,1,10.3593179049939,1,1.42105263157895
360,4.5,88,0.822,0.253920065099684,0.178,0.57721442713265,1,10.0973782771536,1,1.16666666666667
360,4.5,89,0.829,0.267065193577666,0.171,0.558104502022898,1,10.4144254278729,1,1.31578947368421
360,4.5,90,0.822,0.262339206910582,0.178,0.575040888353275,1,10.3850931677019,1,1.22727272727273
360,4.5,91,0.801,0.234703139181872,0.199,0.645863820263407,1,9.53954081632653,1,1.17391304347826
360,4.5,92,0.824,0.259428499890457,0.176,0.569230438150986,1,10.2506203473945,1,1.45454545454545
360,4.5,93,0.829,0.241901661919815,0.171,0.556705689937161,1,9.54894671623296,1,1.04
360,4.5,94,0.809,0.250539889205346,0.191,0.618490143754842,1,10.1361323155216,1,1.6
360,4.5,95,0.816,0.243998622891302,0.184,0.590018937763622,1,9.70199501246883,1,1.23529411764706
360,4.5,96,0.82,0.238959656974743,0.18,0.58248687268658,1,9.42326732673267,1,1.5625
360,4.5,97,0.807,0.242402428718976,0.193,0.626904536455195,1,9.72327044025157,1,1.16666666666667
360,4.5,98,0.833,0.266376639228819,0.167,0.542609968150125,1,10.3724053724054,1,1.21739130434783
360,4.5,99,0.813,0.244812368939939,0.187,0.610183351984161,1,9.76095118898623,1,1.5
360,4.5,100,0.796,0.231448154987324,0.204,0.654708616682448,1,9.47557840616967,1,1.21739130434783
400,5,1,0.824,0.235172608056086,0.176,0.580722217439959,1,9.32543640897756,1,1.6
400,5,2,0.851,0.236048949954618,0.149,0.489433588706206,1,9.08464328899637,1,1.2258064516129
400,5,3,0.835,0.244061218741197,0.165,0.539855384350521,1,9.49450549450549,1,1.4
400,5,4,0.861,0.251823104128196,0.139,0.453085994662994,1,9.47579693034239,1,1.31578947368421
400,5,5,0.845,0.243748239491722,0.155,0.51650598261169,1,9.38935912938331,1,1.23809523809524
400,5,6,0.844,0.25345059622547,0.156,0.511255057243695,1,9.75,1,1.45
400,5,7,0.843,0.236424525053989,0.157,0.507101661358354,1,9.11985472154964,1,1.28571428571429
400,5,8,0.851,0.247347500860693,0.149,0.50180769561849,1,9.41099163679809,1,1.66666666666667
400,5,9,0.845,0.237895527526525,0.155,0.505035723508651,1,9.18060606060606,1,1.33333333333333
400,5,10,0.863,0.251541422803668,0.137,0.446500817767066,1,9.53333333333333,1,1.26923076923077
400,5,11,0.851,0.236111545804513,0.149,0.497912541964363,1,9.07004830917874,1,1.37931034482759
400,5,12,0.858,0.245344433664048,0.142,0.461780149780494,1,9.30357142857143,1,1.24
400,5,13,0.859,0.256330005320647,0.141,0.471485753636911,1,9.75358851674641,1,1.46428571428571
400,5,14,0.852,0.250195612030922,0.148,0.485753636911423,1,9.57331730769231,1,1.48
400,5,15,0.86,0.250414697505555,0.14,0.460704140483774,1,9.47862232779097,1,1.0952380952381
400,5,16,0.859,0.243184876842665,0.141,0.4612206249462,1,9.16548463356974,1,1.14285714285714
400,5,17,0.844,0.237926825451473,0.156,0.508328311956615,1,9.12394705174489,1,1.4375
400,5,18,0.855,0.253262808675785,0.145,0.472131359214944,1,9.59809750297265,1,1.36842105263158
400,5,19,0.881,0.254546023598635,0.119,0.384867005250925,1,9.40603248259861,1,1.32
400,5,20,0.846,0.243216174767613,0.154,0.505896530946027,1,9.31610576923077,1,1.33333333333333
400,5,21,0.866,0.24415511251604,0.134,0.439937161057072,1,9.17099056603774,1,1.39285714285714
400,5,22,0.852,0.245720008763419,0.148,0.484935869845915,1,9.36407185628743,1,1.78260869565217
400,5,23,0.839,0.22337329035085,0.161,0.52900921063958,1,8.64598540145985,1,1.78947368421053
400,5,24,0.845,0.245876498388157,0.155,0.511448738917104,1,9.51522533495737,1,1.70967741935484
400,5,25,0.864,0.237457356577259,0.136,0.450761814582078,1,8.93853427895981,1,1.30434782608696
400,5,26,0.863,0.23473443710682,0.137,0.454269604889386,1,8.80329799764429,1,1.56521739130435
400,5,27,0.837,0.232950455384808,0.163,0.541598519411208,1,9.01456310679612,1,1.21052631578947
400,5,28,0.863,0.241995555694657,0.137,0.448803477662047,1,9.14964370546318,1,1.26923076923077
400,5,29,0.852,0.23899095489969,0.148,0.493543944219678,1,9.17995169082126,1,1.41379310344828
400,5,30,0.856,0.243591749866984,0.144,0.472669363863304,1,9.23690476190476,1,1.38095238095238
400,5,31,0.846,0.256267409470752,0.154,0.510006886459499,1,9.83513838748496,1,1.04545454545455
400,5,32,0.858,0.24518794403931,0.142,0.467827322028062,1,9.31026252983293,1,1.48
400,5,33,0.84,0.248974992957967,0.16,0.529590255659809,1,9.73677736777368,1,1.42424242424242
400,5,34,0.838,0.245375731588996,0.162,0.530192820865972,1,9.58159509202454,1,1.33333333333333
400,5,35,0.844,0.268004131326093,0.156,0.501721614874753,1,10.3466666666667,1,1.44827586206897
400,5,36,0.84,0.237332164877469,0.16,0.52500645605578,1,9.18590522478736,1,1.29166666666667
400,5,37,0.872,0.227003849644769,0.128,0.418029611775846,1,8.48004694835681,1,1.32
400,5,38,0.847,0.244906262714782,0.153,0.498687268658001,1,9.4065138721351,1,1.375
400,5,39,0.855,0.247660480110169,0.145,0.47807093053284,1,9.438995215311,1,1.16
400,5,40,0.838,0.244655879315201,0.162,0.530687785142464,1,9.43409915356711,1,1.35294117647059
400,5,41,0.861,0.228913023066571,0.139,0.460467418438495,1,8.6520190023753,1,1.47619047619048
400,5,42,0.853,0.254702513223373,0.147,0.48022294912628,1,9.69772998805257,1,1.31578947368421
400,5,43,0.851,0.251071953929454,0.149,0.486657484720668,1,9.609375,1,1.45454545454545
400,5,44,0.858,0.232825263685018,0.142,0.475208745803564,1,8.81569560047562,1,1.38095238095238
400,5,45,0.832,0.224750399048543,0.168,0.555392958595162,1,8.79238329238329,1,1.24
400,5,46,0.846,0.235391693530719,0.154,0.507661186192649,1,9.03734939759036,1,1.24
400,5,47,0.859,0.24080623454665,0.141,0.460402857880692,1,9.1104513064133,1,1.30769230769231
400,5,48,0.864,0.249256674282495,0.136,0.442282861323922,1,9.40047393364929,1,1.4
400,5,49,0.863,0.245688710838471,0.137,0.440346044589825,1,9.21176470588235,1,1.38095238095238
400,5,50,0.856,0.243028387217927,0.144,0.474563140225532,1,9.2797118847539,1,1.43333333333333
400,5,51,0.858,0.249569653531971,0.142,0.468064044073341,1,9.42011834319527,1,1.2
400,5,52,0.857,0.254201746424212,0.143,0.469204613927864,1,9.60545023696682,1,1.14285714285714
400,5,53,0.85,0.238615379800319,0.15,0.487582852715847,1,9.17149758454106,1,1.44
400,5,54,0.866,0.245907796313104,0.134,0.43817250581045,1,9.25207100591716,1,1.81818181818182
400,5,55,0.868,0.25642389909549,0.132,0.428811224928983,1,9.55724299065421,1,1
400,5,56,0.854,0.243560451942036,0.146,0.488357579409486,1,9.30528846153846,1,1.72
400,5,57,0.863,0.254890300773059,0.137,0.449341482310407,1,9.66507747318236,1,1.38235294117647
400,5,58,0.875,0.253262808675785,0.125,0.411659636739261,1,9.42690058479532,1,1.60869565217391
400,5,59,0.846,0.236455822978936,0.154,0.499246793492296,1,9.08685162846803,1,1.20833333333333
400,5,60,0.855,0.261775844261525,0.145,0.477037961607988,1,10.0024009603842,1,1.4
400,5,61,0.862,0.251823104128196,0.138,0.454958250839287,1,9.48345153664303,1,1.35
400,5,62,0.875,0.251948295827987,0.125,0.406344150813463,1,9.38713450292398,1,1.14285714285714
400,5,63,0.852,0.24299708929298,0.148,0.485602995609882,1,9.24850657108722,1,1.44444444444444
400,5,64,0.853,0.257175049294232,0.147,0.476887320306447,1,9.80958083832335,1,1.36363636363636
400,5,65,0.842,0.247785671809959,0.158,0.522101230954635,1,9.67936117936118,1,1.32258064516129
400,5,66,0.835,0.234922224656505,0.165,0.540328828441078,1,9.14914425427873,1,1.26086956521739
400,5,67,0.866,0.248536822008701,0.134,0.431027804080227,1,9.36255924170616,1,1.72
400,5,68,0.851,0.229507683640575,0.149,0.487346130670569,1,8.81642512077295,1,1.43478260869565
400,5,69,0.849,0.243873431191512,0.151,0.498256864939313,1,9.31137724550898,1,1.1304347826087
400,5,70,0.855,0.237488654502206,0.145,0.476844279934579,1,8.99286563614744,1,1.61111111111111
400,5,71,0.842,0.24287189759319,0.158,0.526405268141517,1,9.3680387409201,1,1.35
400,5,72,0.88,0.259240712340772,0.12,0.388116553327021,1,9.54387990762125,1,1.23529411764706
400,5,73,0.831,0.226190103596132,0.169,0.56090212619437,1,8.85135135135135,1,1.39130434782609
400,5,74,0.867,0.241807768144972,0.133,0.439291555479039,1,8.99184149184149,1,1.23076923076923
400,5,75,0.853,0.229758067040155,0.147,0.489907032796763,1,8.77430972388956,1,1.58333333333333
400,5,76,0.846,0.24428030421583,0.154,0.504863562021176,1,9.41475211608222,1,1
400,5,77,0.86,0.235955056179775,0.14,0.464620814323836,1,8.97252090800478,1,1.20689655172414
400,5,78,0.869,0.266001064129448,0.131,0.429327709391409,1,9.96004700352526,1,1.24
400,5,79,0.873,0.239648211323589,0.127,0.422871653611087,1,8.93552168815944,1,1.65384615384615
400,5,80,0.85,0.251447529028825,0.15,0.497008694155118,1,9.68765133171913,1,1.25806451612903
400,5,81,0.866,0.251666614503458,0.134,0.445489369028148,1,9.44051825677267,1,1.40740740740741
400,5,82,0.848,0.230352727614159,0.152,0.505530687785142,1,8.92570036540804,1,1.14705882352941
400,5,83,0.837,0.253920065099684,0.163,0.538262890591375,1,9.84793187347932,1,1.15789473684211
400,5,84,0.851,0.244342900065726,0.149,0.493092020315056,1,9.31063321385902,1,1.05
400,5,85,0.824,0.232606178210385,0.176,0.570564689678919,1,9.20771144278607,1,1.375
400,5,86,0.861,0.246596350661951,0.139,0.456443143668761,1,9.34445768772348,1,1.65384615384615
400,5,87,0.854,0.256924665894651,0.146,0.481019196005853,1,9.73277909738717,1,1.125
400,5,88,0.862,0.254264342274107,0.138,0.457497632779547,1,9.68465227817746,1,1.59375
400,5,89,0.849,0.22337329035085,0.151,0.503206507704227,1,8.54086538461539,1,1.65217391304348
400,5,90,0.863,0.247973459359644,0.137,0.45648618404063,1,9.36061684460261,1,1.46153846153846
400,5,91,0.866,0.249663547306814,0.134,0.448416114315228,1,9.30292397660819,1,2.05555555555556
400,5,92,0.853,0.246345967262371,0.147,0.473659292416286,1,9.36396181384248,1,1.57142857142857
400,5,93,0.877,0.254765109073268,0.123,0.402126194370319,1,9.50762016412661,1,1.27586206896552
400,5,94,0.85,0.238646677725267,0.15,0.48642076267539,1,9.14801444043321,1,1.17391304347826
400,5,95,0.846,0.242934493443085,0.154,0.502560902126194,1,9.36561743341404,1,1.35714285714286
400,5,96,0.869,0.253419298300523,0.131,0.441056210725661,1,9.48004694835681,1,1.19047619047619
400,5,97,0.877,0.241463490970549,0.123,0.402879400878024,1,8.96620046620047,1,1.12
400,5,98,0.843,0.23473443710682,0.157,0.517345269863132,1,9.16339066339066,1,1.39473684210526
400,5,99,0.841,0.246189477637633,0.159,0.52065937849703,1,9.59558823529412,1,1.37931034482759
400,5,100,0.838,0.240774936621702,0.162,0.539102177842817,1,9.42312423124231,1,1.3
